413 79
492 93
104 100
77 37
143 45
166 86
162 49
83 27
48 61
335 58
402 83
280 62
287 64
51 90
207 51
43 58
174 20
96 88
340 70
300 85
255 78
74 60
38 59
423 16
209 100
405 18
249 34
484 30
481 39
282 100
311 84
303 21
217 72
140 36
216 18
99 97
450 94
147 44
51 9
16 42
218 99
159 4
229 85
302 53
194 69
396 30
401 12
473 95
415 71
409 5
119 10
119 18
172 22
177 42
385 69
44 88
298 28
47 33
399 32
106 27
182 27
326 93
347 63
383 39
436 15
136 12
3 92
97 37
402 59
304 67
182 35
263 47
24 46
51 19
143 98
246 80
125 82
30 72
316 31
435 38
111 4
352 42
349 43
190 11
253 51
498 38
107 52
315 61
160 54
478 39
202 42
496 26
344 96
428 7
459 21
142 100
