110 86
217 3
9 3
479 22
350 37
166 73
356 72
440 28
357 25
354 58
444 44
314 63
479 6
32 31
100 80
151 62
354 18
91 48
389 80
433 28
110 56
412 72
475 56
332 16
341 10
51 22
399 41
220 67
444 1
360 76
60 75
338 45
289 62
136 58
274 96
500 34
187 27
389 2
94 27
197 67
44 83
422 44
357 100
402 12
405 35
22 69
494 25
435 13
205 3
337 40
497 7
342 60
121 21
101 45
214 29
34 71
414 98
393 52
351 96
294 20
287 93
232 60
163 73
13 33
125 74
477 33
382 89
495 2
314 75
463 63
490 99
69 88
429 72
472 49
360 21
181 39
147 36
128 66
74 4
333 24
179 81
186 45
277 27
229 35
281 22
288 35
373 59
277 3
237 75
467 15
189 1
61 97
301 37
