366 12
231 1
238 81
200 56
337 45
243 12
286 2
99 72
400 33
461 33
328 11
492 99
17 24
263 58
239 22
86 3
167 72
462 33
68 80
205 -1
206 25
242 68
9 22
13 -1
243 39
451 14
225 14
326 38
376 96
385 17
498 -1
176 21
205 89
388 62
33 83
477 92
385 86
22 82
319 88
5 94
441 46
91 73
369 82
125 14
356 81
63 52
307 71
378 71
130 13
449 60
318 9
430 18
483 54
72 98
412 57
24 14
254 69
349 33
450 46
333 51
421 21
210 94
216 43
136 58
206 92
430 76
286 10
312 16
460 20
270 92
495 25
438 62
283 23
456 20
193 32
481 33
34 45
471 72
159 99
194 7
500 86
54 5
354 8
486 24
422 56
