106 96
250 67
173 2
331 7
252 39
147 41
474 39
432 79
102 17
269 29
306 79
184 79
259 31
88 94
352 11
363 45
163 67
351 47
179 69
77 53
184 66
439 19
173 26
171 97
208 5
270 26
400 34
160 51
366 31
149 -1
312 62
218 83
336 90
347 28
59 78
110 35
350 17
305 6
366 22
71 65
154 76
197 84
384 43
266 44
365 50
445 31
158 98
384 22
45 79
409 1
452 91
293 91
334 59
326 41
500 59
285 59
152 60
217 56
234 94
356 22
170 98
165 12
349 44
243 10
307 52
86 18
142 26
346 24
378 100
267 51
364 67
464 100
85 22
7 68
273 23
31 16
83 20
143 55
270 69
61 76
72 64
44 45
404 77
