264 38
102 93
453 49
406 23
466 1
329 15
87 11
173 86
241 76
326 88
74 19
122 78
380 36
469 53
426 36
236 81
478 33
263 83
167 6
145 67
292 20
500 9
115 59
302 84
318 56
261 5
352 50
442 96
338 57
155 45
62 70
362 55
458 18
320 10
229 48
6 62
124 37
245 54
433 74
373 25
63 11
241 36
189 44
242 39
167 18
475 11
459 6
293 100
153 60
397 37
130 78
292 45
369 11
380 61
257 82
216 52
311 55
277 46
377 47
480 27
69 16
169 85
26 17
233 51
52 3
82 92
375 8
307 17
276 1
94 42
199 6
451 6
173 17
321 49
293 43
207 3
232 30
408 69
383 1
163 51
358 14
