189 74
336 52
93 74
392 35
471 49
313 44
38 100
168 54
437 30
310 89
486 34
442 46
94 55
324 8
333 66
42 38
471 26
169 60
214 59
463 66
404 57
319 83
325 42
157 46
456 95
369 56
428 47
481 35
455 55
57 78
11 60
409 47
89 65
309 87
230 25
419 85
398 39
165 37
287 95
486 13
11 37
61 37
89 36
103 19
338 68
319 5
179 83
58 4
263 75
349 92
396 85
449 99
58 78
165 28
407 59
68 88
393 26
183 32
167 76
323 97
109 57
20 48
293 30
52 58
411 100
440 26
363 49
368 47
64 6
245 49
145 58
71 13
455 12
105 47
368 50
230 71
309 87
174 44
464 41
