51 24
448 11
226 75
56 67
259 97
194 21
27 20
487 40
432 37
3 40
31 95
422 48
21 82
426 50
455 88
450 73
213 -1
16 64
370 93
330 42
467 1
351 2
181 88
355 7
63 6
147 68
239 31
112 99
411 1
155 60
107 29
497 99
140 29
368 18
23 78
16 81
414 59
199 88
166 60
24 85
233 35
127 49
147 55
244 78
120 82
281 11
4 9
259 19
182 13
251 85
447 48
416 69
74 56
282 77
376 81
229 15
25 8
443 54
31 45
361 4
54 59
428 62
284 100
47 71
132 39
277 71
177 1
99 34
62 6
221 15
473 92
181 38
487 93
85 37
312 32
310 69
153 55
481 75
293 21
40 90
