170 91
303 45
116 22
486 86
436 60
491 98
143 8
480 58
209 56
320 15
459 32
367 6
66 1
238 100
280 83
41 29
44 8
463 3
308 59
376 50
185 13
160 45
403 77
467 11
272 -1
490 87
145 4
4 95
188 21
358 61
169 45
391 49
284 44
28 33
49 78
199 86
72 55
138 57
469 29
265 44
89 18
66 64
27 61
347 41
187 9
1 50
482 74
470 97
273 59
150 70
9 52
106 93
110 77
166 50
276 79
304 64
500 10
209 65
210 16
133 28
252 53
299 23
158 17
171 47
280 89
77 76
451 51
460 61
111 50
282 64
173 84
305 7
87 39
388 99
481 68
225 -1
431 27
346 5
455 8
75 41
362 50
58 50
479 34
379 25
339 65
155 22
28 88
338 9
1 17
413 64
67 79
66 27
130 45
385 69
