234 98
483 78
180 62
488 8
214 93
318 92
107 42
94 90
99 32
457 3
438 24
388 52
252 32
289 12
98 46
271 86
301 91
418 46
279 89
195 69
192 3
178 69
454 82
101 50
22 29
89 67
256 -1
39 13
362 70
402 48
252 82
298 26
353 59
315 3
305 24
463 60
128 34
353 85
285 53
102 2
76 49
379 89
364 43
295 41
23 29
336 73
362 11
374 7
152 100
360 17
173 100
413 15
162 52
438 3
162 32
179 90
250 6
243 40
445 71
279 32
379 27
318 74
352 63
13 92
134 95
230 28
184 78
236 41
5 29
371 14
499 9
254 3
207 74
219 12
250 41
221 88
21 79
319 22
350 42
150 7
486 39
8 96
254 96
286 33
491 11
103 35
84 69
472 -1
64 6
48 13
445 2
290 18
236 33
357 32
278 10
360 43
191 77
242 98
24 99
