319 18
343 17
21 65
338 16
229 79
64 39
24 70
218 81
117 70
90 19
122 31
377 26
479 77
480 90
72 74
357 2
43 23
378 26
127 65
93 11
395 87
184 98
4 83
97 21
264 30
433 60
456 60
419 1
189 97
12 55
4 25
228 66
93 77
303 58
33 75
363 8
297 19
89 13
209 57
131 73
25 20
184 9
67 1
113 17
66 13
500 82
23 57
92 99
412 -1
366 17
193 24
342 30
113 2
492 17
70 85
346 21
58 19
66 8
490 76
358 64
110 17
170 90
368 11
466 45
303 83
381 59
477 17
408 20
273 58
494 56
154 23
427 41
120 29
173 53
445 84
169 15
84 29
320 15
379 40
363 4
267 92
160 72
378 92
92 75
229 3
442 50
299 21
284 30
205 62
60 21
431 74
407 90
275 1
69 5
458 17
