79 18
24 56
275 63
265 55
188 64
43 40
198 8
134 63
291 94
53 56
433 28
315 48
52 92
237 97
266 16
170 39
188 58
53 6
177 34
215 15
486 65
259 66
428 68
166 47
267 1
477 98
248 20
4 97
208 68
316 44
429 72
163 5
90 83
152 67
486 56
240 44
294 99
418 79
43 41
434 96
128 62
109 12
137 -1
375 38
203 56
177 56
80 75
37 24
300 53
373 16
468 72
332 78
285 97
333 56
198 32
121 97
375 52
112 69
270 90
359 94
191 92
266 86
155 92
255 98
246 97
195 23
336 18
49 75
368 33
438 11
238 84
132 82
127 35
233 42
58 79
142 87
421 2
283 6
284 37
2 87
7 20
57 2
