397 79
234 22
487 43
24 90
431 1
302 79
251 39
364 54
321 99
68 4
273 73
319 22
133 19
144 14
308 46
271 18
24 24
297 84
344 63
262 57
293 16
200 84
113 89
109 89
317 69
335 46
120 49
394 95
165 56
49 10
55 94
408 2
228 8
417 87
401 43
233 52
424 49
394 33
30 51
20 69
6 64
165 89
23 45
293 69
30 4
146 41
424 91
230 18
484 33
6 23
47 79
42 66
289 68
498 9
72 92
435 29
375 3
213 26
272 64
273 -1
408 7
356 56
19 96
460 46
206 26
388 41
435 47
410 41
490 22
491 14
59 5
129 9
215 -1
194 47
96 5
396 64
420 48
7 73
254 86
148 85
198 91
458 61
11 8
353 1
285 28
