290 90
134 3
221 77
419 38
400 54
367 33
38 21
63 15
100 86
206 40
337 4
483 37
272 10
495 55
67 73
449 29
479 80
89 24
279 11
492 62
43 50
198 6
305 22
474 54
488 98
177 50
262 79
333 45
466 58
14 51
265 67
325 97
169 25
256 84
242 67
251 15
25 74
6 60
56 1
324 14
69 2
309 22
421 13
162 76
491 96
463 38
230 21
236 7
134 77
264 75
391 56
464 69
290 76
265 94
374 62
281 42
423 7
71 36
34 93
382 11
457 70
463 70
447 8
27 52
481 80
199 86
58 50
389 29
233 84
180 61
71 13
439 91
66 79
72 34
78 66
328 79
102 89
450 40
96 35
234 60
262 64
69 32
440 95
146 89
222 10
33 98
344 11
257 92
335 44
282 34
79 46
238 19
