57 22
312 10
298 63
493 75
232 38
348 99
284 83
344 11
377 44
108 43
371 16
311 76
335 89
372 56
265 45
278 44
100 63
238 4
112 8
219 38
44 46
242 30
83 92
104 66
338 30
200 71
339 56
252 55
244 30
123 72
263 83
244 52
175 75
335 96
199 54
273 23
410 71
418 48
112 5
225 69
340 10
36 66
174 28
294 24
376 89
389 16
436 33
154 63
120 67
311 59
208 50
199 6
194 50
309 43
316 64
41 88
98 58
275 49
219 52
9 63
191 71
145 9
336 18
59 10
55 2
393 56
156 69
204 92
320 84
384 10
52 77
44 96
471 52
384 47
395 6
389 82
248 37
496 2
144 2
463 78
147 36
338 28
138 34
