47 19
431 87
184 42
356 67
190 51
432 33
290 1
158 25
173 57
273 -1
313 42
278 52
189 45
35 57
162 94
258 16
428 51
36 44
18 66
492 69
369 72
168 43
380 66
17 38
72 17
329 10
232 12
148 71
341 28
295 47
363 87
189 64
309 31
432 43
440 58
148 63
375 44
211 74
232 96
48 73
311 37
419 9
343 55
418 47
117 24
336 87
379 44
25 54
192 47
194 14
237 81
81 56
466 15
154 84
444 49
90 16
305 10
487 65
357 59
297 31
332 45
18 70
390 73
237 45
191 79
22 17
336 79
167 79
135 67
405 54
384 43
368 96
358 62
412 62
150 46
398 30
221 94
184 66
368 72
289 55
69 83
494 71
183 15
474 88
233 44
100 69
3 87
474 55
78 11
301 22
35 80
50 82
380 72
69 15
132 73
