59 84
100 -1
453 20
163 63
333 73
442 52
34 10
444 57
31 26
376 32
329 92
469 80
449 94
476 97
492 27
59 74
470 77
389 20
384 17
114 11
158 41
140 30
466 8
283 2
4 57
16 19
278 67
284 29
247 37
329 43
151 20
101 68
246 52
394 6
300 65
231 67
211 20
405 85
6 2
295 11
394 48
322 67
345 33
4 29
90 38
316 74
363 42
284 38
399 68
83 2
224 31
291 39
12 88
316 75
324 37
438 94
52 26
489 45
279 97
120 20
81 21
294 81
60 14
50 5
35 70
237 -1
328 39
103 48
303 25
391 81
363 94
438 19
412 92
3 92
29 7
326 29
457 12
363 71
429 52
276 48
108 52
