41 70
264 49
388 27
26 21
290 20
275 65
448 60
85 17
42 63
435 23
71 45
282 91
188 27
284 12
208 88
468 67
119 10
183 43
282 28
204 79
35 71
253 90
74 52
127 83
372 45
86 93
33 40
125 16
148 90
219 26
217 57
66 86
192 74
70 23
128 48
76 19
396 93
430 42
75 19
193 15
188 31
189 36
451 91
89 72
446 58
350 21
312 73
66 66
108 76
108 20
192 12
491 96
25 85
276 80
386 26
203 98
5 70
484 30
214 62
320 96
454 29
407 52
261 70
347 27
57 26
27 54
100 37
271 22
22 73
149 100
360 66
293 11
457 44
419 89
394 68
155 18
358 97
117 95
495 33
207 74
175 14
444 12
80 32
