480 95
48 96
24 55
294 77
367 71
347 55
450 54
353 69
161 85
244 46
3 10
358 71
486 54
383 94
306 46
143 62
227 85
17 21
323 21
339 38
373 100
133 88
498 84
406 41
278 75
74 91
3 27
465 71
457 21
444 89
2 43
340 44
433 61
364 88
70 80
470 84
265 56
167 33
203 79
43 2
310 81
57 5
457 94
357 32
426 92
357 44
196 93
238 1
479 79
457 74
364 4
99 40
254 7
455 85
322 9
207 30
266 36
201 99
278 88
279 49
431 69
189 5
184 44
196 31
15 84
131 65
58 3
69 53
239 11
205 89
69 38
256 39
102 95
114 48
332 58
132 45
185 69
14 26
89 5
421 73
153 18
354 13
369 40
239 24
128 70
15 41
196 42
245 62
