250 60
190 55
210 46
301 42
266 53
193 38
191 35
146 85
177 81
326 17
274 90
149 24
67 18
280 61
109 88
89 31
21 36
102 80
124 82
126 38
220 52
317 92
95 41
323 76
87 59
158 78
194 6
350 88
10 8
152 25
479 56
421 29
262 24
41 40
445 6
448 29
442 43
497 72
53 58
240 62
311 8
294 54
222 75
178 40
220 55
314 97
416 33
270 6
398 56
317 53
272 61
161 3
50 68
484 20
122 51
434 5
444 55
17 83
317 78
409 42
408 14
350 39
350 50
312 86
360 16
104 25
179 86
218 81
23 85
478 38
474 88
57 91
43 83
103 21
298 3
81 95
37 7
487 69
456 82
420 33
100 91
461 51
469 59
19 42
352 10
393 64
