462 12
252 61
358 66
210 100
402 13
31 34
498 -1
407 78
122 77
275 34
215 58
122 35
120 81
309 11
375 79
432 -1
32 66
279 20
396 98
168 14
408 82
383 62
146 85
166 63
157 15
445 67
6 54
263 10
11 49
414 12
122 66
490 33
386 62
422 18
463 20
111 74
285 20
87 70
107 67
127 17
143 99
169 80
104 15
233 21
363 43
289 85
424 74
299 100
110 45
103 39
381 60
469 60
332 55
486 33
186 75
337 41
106 56
461 87
386 49
82 100
34 33
22 21
300 90
36 18
162 23
468 35
336 4
446 32
460 41
492 78
339 97
443 44
476 52
190 100
251 10
237 81
27 57
310 89
283 99
440 54
20 37
