126 -1
391 46
172 49
335 51
382 35
236 44
495 29
250 52
360 44
284 90
74 60
236 84
403 63
353 65
500 54
305 44
181 56
358 93
68 90
114 60
87 98
94 94
18 57
328 31
326 30
124 17
412 34
276 74
440 82
363 11
28 91
404 93
144 19
369 88
98 31
436 67
47 46
309 90
414 21
492 27
353 91
18 54
426 51
104 94
319 9
154 58
441 86
392 16
256 28
133 42
385 31
91 15
497 97
68 80
39 37
344 73
222 4
439 48
458 90
357 86
454 84
453 16
313 11
427 49
286 -1
179 90
90 80
260 67
89 46
301 55
297 26
208 38
306 -1
332 84
465 91
433 18
427 85
304 74
52 27
434 55
247 91
328 80
184 95
145 97
486 83
40 10
34 30
223 84
195 58
430 32
178 86
424 76
447 65
462 54
215 65
453 38
51 52
31 1
