254 2
425 18
163 16
246 14
364 21
406 79
497 50
423 65
82 85
398 62
18 17
13 87
497 91
185 65
407 54
237 59
494 96
79 6
84 46
422 67
202 23
331 87
113 11
454 28
317 45
493 32
478 64
86 29
252 45
15 81
444 85
200 28
260 55
383 52
72 13
106 22
322 27
80 98
285 88
361 40
435 33
176 26
369 7
108 51
311 75
3 38
389 86
281 59
33 8
112 97
113 25
236 3
170 17
77 68
287 60
72 97
66 65
64 5
429 34
454 26
205 18
10 90
426 32
63 68
233 15
416 23
325 56
25 72
222 22
476 25
423 13
465 33
130 54
53 70
1 76
310 42
101 54
77 8
119 23
461 78
495 12
443 69
457 84
498 80
253 40
188 72
441 36
358 82
496 65
349 72
210 64
33 85
105 39
269 83
