158 64
10 73
11 60
393 -1
2 88
191 52
85 82
328 16
485 37
10 29
464 65
427 12
418 34
387 52
390 48
151 59
143 9
40 26
207 2
351 29
478 43
464 27
58 7
347 89
20 2
27 80
91 26
445 9
233 42
137 7
153 91
400 98
53 96
198 23
226 49
220 20
67 39
125 91
212 66
239 63
3 18
288 20
261 11
87 81
61 17
287 95
188 6
266 68
151 48
300 69
185 49
322 79
405 43
374 28
64 26
364 32
149 72
215 36
61 37
182 99
462 60
44 84
3 69
6 66
124 93
222 88
448 47
136 35
469 67
223 42
314 42
8 48
266 78
70 55
33 58
292 96
112 38
294 26
474 86
456 40
58 93
370 69
316 33
426 23
181 51
32 60
108 70
