59 10
70 27
473 42
389 12
290 92
441 26
47 44
365 24
192 68
484 9
315 9
357 33
272 25
451 29
367 24
395 8
36 46
21 62
123 71
208 74
25 8
390 43
97 41
416 41
275 44
188 23
362 88
329 74
221 23
338 77
137 67
223 94
396 76
421 37
81 20
205 3
149 8
130 20
476 37
253 22
142 38
296 81
192 -1
27 37
30 5
240 31
248 15
203 73
470 37
162 81
231 20
203 75
145 46
312 36
313 97
458 59
259 91
419 31
213 62
476 70
246 51
465 88
36 59
31 13
430 36
126 90
256 45
283 55
97 64
153 86
11 77
183 60
291 7
447 85
345 63
271 1
273 11
9 59
199 93
131 4
103 21
48 100
7 35
214 7
105 36
134 50
95 5
349 74
383 93
394 63
