457 2
183 33
235 3
398 22
369 89
415 12
127 91
350 33
206 24
277 62
360 29
309 5
129 70
392 49
321 -1
37 55
395 10
183 67
89 19
270 66
226 95
71 74
199 98
67 50
305 11
436 31
306 45
183 56
64 78
92 46
436 16
343 77
107 36
376 60
182 34
306 1
171 32
149 95
331 55
344 56
150 67
101 66
387 17
473 45
144 84
153 67
330 42
436 6
316 55
218 3
319 59
465 52
170 79
100 16
112 98
278 64
399 17
48 60
458 58
395 22
53 13
179 88
443 3
296 -1
20 99
170 27
16 76
277 18
347 20
474 86
451 8
178 59
386 72
427 28
320 14
404 82
250 59
488 14
22 52
475 7
117 93
85 85
41 96
341 67
39 40
318 57
431 91
276 37
119 78
186 92
465 51
320 10
428 75
193 83
449 71
189 32
110 19
90 43
134 39
