9 38
239 98
186 79
260 79
332 28
269 19
467 10
404 89
309 28
159 92
488 90
197 51
455 57
486 34
264 90
460 27
199 56
345 49
116 1
74 85
71 52
28 29
481 15
289 68
63 70
199 20
241 83
217 61
385 72
472 95
41 60
63 14
426 24
243 31
120 87
416 95
404 2
447 11
99 86
122 13
343 24
319 26
152 41
245 77
462 65
290 94
326 73
425 71
365 34
472 36
68 24
169 9
167 72
181 8
258 45
69 8
49 78
155 83
363 79
292 4
338 63
284 54
488 97
265 66
249 27
12 48
250 97
65 99
373 14
407 85
145 43
38 79
14 63
231 10
175 92
312 44
31 93
489 93
163 18
440 6
162 75
