419 48
229 1
18 2
462 16
197 35
115 42
16 56
120 24
356 25
107 27
219 60
477 39
177 88
25 61
461 30
464 95
287 28
143 83
451 29
290 36
309 85
340 38
121 18
435 45
459 15
26 11
203 90
174 99
99 89
433 87
146 2
75 13
426 35
133 12
99 19
299 78
138 66
314 84
223 72
285 100
253 61
241 55
160 81
2 25
210 11
129 54
425 86
183 74
200 29
142 56
218 62
496 59
5 61
292 60
478 69
393 69
294 99
114 38
259 9
302 6
263 26
220 56
337 85
457 49
202 29
496 66
245 27
252 12
76 89
436 100
182 55
51 53
172 80
266 89
314 26
446 9
274 61
124 89
424 52
163 5
53 89
