49 94
439 48
491 90
373 92
187 29
78 93
139 84
238 95
307 11
71 86
140 14
498 50
117 70
415 71
270 7
261 47
12 21
426 42
339 16
497 86
207 21
275 55
449 14
169 70
170 83
96 77
232 95
394 41
265 63
68 96
58 26
145 72
23 23
72 42
249 93
366 48
262 45
304 3
480 -1
422 56
62 37
94 32
494 14
263 55
256 76
440 83
109 47
373 17
116 5
220 37
43 50
438 62
413 72
146 60
347 63
372 69
391 6
31 65
285 13
443 50
372 19
80 88
33 26
3 31
116 70
90 18
134 30
28 34
421 74
320 72
217 79
321 80
265 72
119 44
6 36
184 77
250 56
448 21
346 5
79 48
500 36
