180 30
392 70
29 82
7 10
69 7
172 6
497 17
361 87
70 73
328 78
333 86
237 82
58 88
168 1
176 42
411 15
74 38
300 40
452 43
179 20
488 78
98 87
418 45
348 52
209 23
340 51
348 62
300 66
279 42
386 66
401 76
46 88
76 73
122 2
382 99
63 55
230 20
55 9
71 84
209 24
137 27
236 45
446 70
228 5
143 91
397 86
314 83
135 75
166 40
119 40
39 85
219 96
312 59
182 11
242 96
400 65
283 18
436 49
22 69
285 55
122 97
363 90
145 45
150 95
163 7
128 76
439 25
77 77
121 5
372 64
32 60
196 63
359 82
23 21
466 18
379 58
418 84
457 51
133 68
62 84
135 66
309 70
378 85
44 99
299 5
341 79
