277 38
432 25
432 93
23 61
195 69
349 41
128 4
400 81
339 3
409 27
44 81
245 86
422 69
127 32
119 31
184 30
232 91
405 40
143 27
421 30
422 27
141 16
84 49
470 8
336 41
41 24
229 93
104 84
110 100
246 24
89 72
324 23
16 96
419 20
476 91
155 87
284 77
106 85
477 58
112 2
439 54
329 94
38 41
400 94
209 82
238 28
336 40
426 64
194 98
159 86
354 92
12 20
31 49
207 43
74 98
360 92
133 95
31 68
158 15
132 54
98 70
324 99
462 87
491 48
446 1
142 24
338 79
86 74
121 64
51 47
462 84
167 39
327 46
353 14
339 90
444 31
174 52
350 67
31 77
98 2
34 78
331 5
268 49
243 45
393 97
387 20
384 13
300 11
130 61
52 42
286 6
422 64
271 21
439 75
292 64
145 76
426 37
304 77
211 62
