124 69
129 63
369 99
409 16
214 24
28 75
464 94
342 24
197 18
27 98
437 47
481 70
69 32
466 60
467 5
218 21
308 84
97 12
197 100
36 65
132 42
6 21
262 49
297 84
499 93
296 69
190 44
106 32
391 27
15 74
465 67
474 76
226 3
486 7
443 41
242 96
169 40
1 88
22 62
239 99
302 46
326 43
49 85
410 42
289 46
376 76
103 55
300 94
340 83
394 11
224 92
69 69
92 25
112 25
98 63
344 1
275 70
97 31
384 71
7 92
401 86
419 78
473 93
255 42
173 76
356 44
264 68
264 28
363 21
247 18
276 56
59 82
488 79
268 83
380 100
426 25
95 15
179 61
478 82
11 87
230 27
16 5
190 27
122 59
35 35
