479 35
110 60
425 15
285 86
420 76
51 2
411 6
425 53
182 12
448 90
303 32
298 82
175 2
368 19
238 67
55 87
196 12
484 29
461 30
5 91
241 60
157 78
63 6
475 25
430 24
67 12
69 55
226 43
275 62
286 8
129 50
175 60
373 28
217 37
109 56
449 25
117 45
76 7
40 29
185 14
491 67
386 43
132 -1
47 17
188 71
38 66
260 2
210 7
22 92
85 73
478 81
120 99
406 94
115 39
422 24
328 45
130 88
345 94
385 68
72 35
194 42
435 28
41 78
467 22
238 14
332 25
90 88
91 67
237 16
306 83
156 45
102 59
84 15
229 97
217 46
98 16
488 12
226 27
345 61
