177 3
451 32
204 80
430 53
389 46
403 30
397 35
151 93
184 96
128 51
192 71
15 4
421 94
326 47
76 67
109 84
409 19
195 60
59 37
158 51
421 96
276 85
54 27
420 90
494 95
476 58
487 66
307 33
465 52
467 46
156 1
286 16
86 -1
214 60
159 95
432 46
184 96
382 46
373 45
161 1
352 51
56 99
26 85
374 86
344 24
363 64
31 99
326 75
140 43
316 26
463 64
16 20
20 80
255 100
86 96
182 43
232 69
398 57
19 32
68 10
197 45
8 67
250 27
35 75
19 91
376 18
472 38
92 23
139 6
89 96
248 8
45 59
245 36
484 53
261 52
84 39
432 33
136 14
12 88
220 11
397 1
238 92
117 2
56 3
299 -1
57 26
70 19
347 19
71 84
422 1
192 -1
