271 43
440 74
102 84
250 1
138 21
359 28
357 37
410 53
339 84
424 15
13 90
179 1
16 11
293 86
235 59
259 69
342 59
91 31
177 33
16 9
108 22
474 98
99 71
363 49
177 77
11 84
61 41
315 70
178 19
363 74
296 35
253 4
381 81
184 32
219 72
448 95
19 46
153 32
204 66
239 56
137 72
272 66
69 52
166 18
209 35
286 16
334 51
218 100
137 50
69 11
27 57
462 8
478 54
387 11
466 83
126 8
466 84
431 67
187 49
391 48
360 29
349 56
204 93
185 5
194 62
417 12
329 13
244 52
418 53
211 10
143 37
163 87
368 64
104 83
48 56
276 36
473 11
495 88
182 61
436 59
33 9
431 30
347 82
23 -1
171 80
172 58
144 60
450 42
277 34
105 79
448 93
457 67
105 98
374 14
373 52
