458 95
449 46
54 94
24 94
415 1
400 57
112 4
405 3
361 98
122 49
286 45
389 39
376 77
235 69
497 81
194 94
341 2
205 47
244 94
488 21
155 10
127 59
155 44
296 36
117 45
196 89
289 62
333 77
161 10
413 42
196 32
99 40
89 19
87 3
72 56
464 21
369 42
352 1
187 57
12 2
296 32
452 72
313 73
160 86
181 32
482 20
412 3
418 46
186 21
444 52
128 -1
451 75
345 76
92 55
399 2
228 8
74 75
315 64
350 1
497 97
490 96
449 5
316 60
474 35
229 9
424 83
27 55
460 34
296 94
345 26
211 99
398 95
492 65
333 35
461 68
423 47
180 46
322 59
446 42
400 89
222 32
366 21
