148 41
387 -1
2 90
52 66
322 56
340 14
419 44
288 75
228 10
135 72
60 74
324 15
84 9
95 13
429 33
473 96
224 25
234 28
93 43
236 24
404 79
148 27
347 41
75 61
172 75
117 47
192 19
304 82
500 71
88 97
147 28
211 50
30 94
84 15
96 53
398 74
330 16
196 98
399 45
73 36
490 16
399 88
320 37
358 35
363 60
410 95
370 3
426 16
117 59
491 35
12 92
105 5
463 89
120 79
488 97
485 94
361 94
417 3
350 14
169 1
254 67
136 66
409 70
335 47
451 62
232 91
312 9
407 85
105 52
81 88
64 40
241 45
468 24
404 100
332 49
470 99
161 70
283 1
435 49
317 98
18 38
196 26
219 89
66 73
249 85
262 2
