235 33
382 26
444 11
208 23
175 90
203 22
479 80
24 43
22 52
125 26
419 19
343 70
12 98
107 89
445 54
486 16
298 80
179 3
279 37
415 37
219 94
174 88
299 21
196 85
184 9
250 90
66 36
227 48
407 98
306 15
192 17
500 58
264 5
64 3
245 55
350 14
140 23
243 71
70 75
369 67
68 5
15 87
204 71
441 35
76 1
426 20
173 56
445 24
286 88
146 94
154 15
150 16
82 85
197 92
484 88
16 61
36 85
421 92
61 62
338 9
475 73
169 3
184 80
23 19
92 33
492 76
146 42
464 52
305 61
171 1
310 38
155 58
131 40
278 32
335 47
394 73
61 67
492 58
295 14
196 58
129 -1
