341 99
201 65
363 35
196 88
35 63
316 99
189 42
51 43
388 74
105 59
49 67
412 3
100 34
132 23
245 41
313 12
318 37
407 61
228 10
144 62
318 78
294 82
148 10
112 81
377 20
491 61
211 92
497 22
494 76
304 79
459 63
1 99
433 86
265 26
23 56
351 7
469 86
158 24
366 99
396 20
382 45
32 81
346 17
483 95
373 51
86 55
158 97
87 29
426 12
139 64
347 1
324 74
9 64
171 30
368 29
231 95
171 2
117 51
197 46
400 3
9 84
101 95
451 61
183 96
497 57
405 42
299 43
419 8
484 76
445 -1
460 45
72 88
461 40
223 22
463 37
305 38
126 99
372 71
355 50
277 16
100 22
304 74
425 90
60 31
498 23
202 52
93 50
253 75
424 97
235 12
499 42
363 6
68 28
16 34
378 27
179 93
450 24
14 68
27 17
