126 32
497 19
46 76
237 82
216 54
269 84
418 66
274 80
3 86
168 16
138 -1
197 43
272 15
396 83
411 45
123 42
445 9
487 53
46 51
298 16
154 27
464 98
54 24
170 46
72 39
336 45
395 97
407 26
246 8
364 85
490 55
128 17
455 27
48 16
372 92
17 12
325 94
331 18
363 65
305 7
94 24
84 96
63 89
14 49
13 31
333 37
477 45
84 50
12 65
433 1
100 99
118 18
224 69
183 6
124 43
207 43
359 19
224 43
425 98
201 82
355 89
163 28
488 34
158 44
274 63
184 41
128 82
188 15
213 24
485 64
258 33
460 84
317 51
497 44
147 17
93 28
56 58
285 2
135 66
57 55
476 16
178 59
289 72
224 13
198 90
16 82
78 89
356 23
55 11
219 96
309 63
388 35
102 5
58 76
