176 33
328 81
147 100
177 10
256 53
45 90
100 7
207 75
356 59
354 61
402 44
84 77
412 81
305 92
98 78
136 48
446 19
162 42
461 10
146 92
198 87
10 100
23 17
212 11
362 60
188 49
242 85
157 87
35 46
407 91
212 16
280 83
81 17
257 47
423 42
379 64
34 60
17 51
395 99
276 100
439 8
77 33
102 83
114 71
442 99
259 97
73 24
149 49
68 94
119 27
99 64
126 49
106 7
90 72
249 29
300 26
111 64
481 52
84 66
270 87
24 39
377 -1
399 35
343 48
33 73
470 24
414 93
443 55
469 51
359 65
68 35
352 4
59 50
439 93
463 18
203 13
418 18
386 81
260 65
30 70
412 65
161 32
468 39
494 86
4 10
270 68
129 37
464 12
249 90
