156 86
57 45
193 27
223 33
85 6
14 92
381 43
239 88
425 61
178 91
459 6
193 48
10 29
28 60
474 86
271 79
7 38
103 56
82 82
162 7
127 89
15 61
306 28
10 70
276 77
4 34
500 15
110 82
306 37
207 52
191 25
313 54
494 43
362 82
500 85
156 63
66 42
85 41
59 75
155 43
406 78
24 17
237 70
361 36
435 14
18 59
238 15
176 56
356 46
103 2
366 68
366 47
49 37
365 24
494 10
411 33
124 26
197 12
181 34
67 91
246 2
425 96
89 16
480 89
61 35
364 30
201 16
8 44
477 97
134 33
363 74
190 20
355 83
324 62
418 26
304 78
133 57
26 94
273 80
486 29
136 49
273 12
444 87
17 49
229 87
249 72
324 80
136 46
90 1
473 43
