417 6
397 80
431 93
184 61
5 64
429 75
259 68
16 9
216 81
61 10
346 46
156 71
139 23
267 60
326 78
423 65
462 -1
342 97
364 43
314 15
443 73
328 60
9 57
212 80
115 91
71 12
93 69
116 83
383 50
13 35
210 16
387 96
406 11
68 58
348 82
221 96
82 11
50 70
444 41
344 40
373 10
128 15
49 47
59 52
46 2
327 28
126 67
437 86
109 100
29 39
241 54
169 48
215 81
148 97
470 76
39 51
179 44
397 65
200 3
105 39
222 98
51 95
399 76
356 30
424 96
351 100
3 79
2 35
344 55
166 85
232 94
276 16
150 72
131 96
129 75
155 60
224 69
58 92
13 48
484 77
