145 55
315 45
355 54
228 29
110 47
170 56
51 11
5 64
357 98
82 1
441 5
431 16
449 21
246 30
64 78
137 23
483 41
263 62
198 15
377 24
428 50
194 14
345 80
89 91
156 77
228 50
358 94
128 23
275 49
379 34
365 70
306 69
142 86
268 62
71 100
448 45
404 22
402 39
397 94
474 41
404 43
301 56
184 68
359 36
72 11
51 94
45 73
490 18
189 20
171 2
75 88
369 62
422 61
78 90
186 12
356 27
492 47
449 33
31 16
171 39
178 73
171 35
293 18
196 2
121 89
366 100
48 94
18 37
88 9
319 69
201 10
348 70
404 10
472 25
275 80
487 86
282 30
195 39
373 44
36 11
243 56
57 27
227 50
146 48
489 31
213 97
231 20
141 67
310 3
