8 67
189 73
249 1
307 100
238 95
3 85
349 19
127 32
233 4
294 78
448 45
260 42
498 66
22 76
195 82
289 34
371 77
385 3
170 34
281 29
101 73
102 71
364 94
171 32
229 16
73 17
419 16
66 16
453 84
32 3
283 59
288 23
22 18
70 69
66 -1
2 66
14 97
238 47
16 2
398 33
399 64
282 36
96 17
234 53
367 84
222 57
34 39
4 33
484 76
385 48
26 24
490 99
331 41
278 8
272 92
137 29
405 59
326 2
407 12
493 26
414 98
151 -1
5 21
471 19
368 26
209 36
327 28
309 74
24 39
47 52
22 41
142 20
92 69
391 82
389 23
283 26
8 38
384 34
348 46
428 47
270 90
251 16
11 83
372 19
47 97
349 96
