8 40
155 39
107 96
354 29
150 75
128 46
198 28
21 68
154 59
429 83
58 58
382 40
124 30
300 86
183 32
405 62
251 21
385 61
7 15
101 53
101 40
379 87
124 86
234 21
451 8
438 45
308 46
81 96
498 62
130 27
313 30
234 50
144 77
203 5
120 71
113 88
225 66
36 70
493 74
103 6
482 6
328 74
195 34
196 95
278 19
39 50
183 38
89 72
474 47
21 44
458 5
276 67
198 66
7 89
326 63
103 9
22 31
24 52
422 29
413 58
453 13
200 2
442 75
335 49
348 11
86 53
444 96
148 36
371 89
56 53
66 41
188 7
196 26
273 62
246 24
61 92
181 33
113 34
352 60
32 25
64 51
421 60
320 65
15 48
419 50
87 81
1 68
