136 65
154 24
352 73
217 50
78 3
387 86
497 2
21 82
247 45
373 33
497 97
298 98
464 9
59 62
410 54
454 98
222 97
92 86
366 86
267 79
452 2
135 99
13 10
461 14
417 97
14 50
477 28
489 85
456 81
157 61
299 6
288 42
445 31
16 17
445 71
95 50
183 79
178 12
340 44
88 1
24 8
245 49
227 39
494 55
379 50
137 47
457 85
450 52
324 44
17 74
171 71
322 30
199 10
299 12
369 68
456 30
293 86
108 96
268 13
376 65
97 89
254 68
5 52
478 4
499 35
330 83
305 42
225 75
173 100
320 12
366 17
169 3
348 43
249 94
229 9
98 55
440 1
416 66
39 99
377 12
416 68
7 80
212 70
367 36
248 38
66 38
198 93
168 30
431 29
466 72
