107 78
380 90
247 97
459 65
19 40
161 52
423 64
46 10
63 39
436 68
223 25
429 40
265 51
174 84
158 51
44 35
491 56
399 87
467 98
149 3
276 64
150 82
187 50
341 54
220 83
333 11
358 36
102 8
284 10
377 51
21 -1
68 48
195 93
283 58
299 90
297 23
360 33
120 51
393 46
348 72
327 96
464 32
136 2
197 19
260 24
407 66
116 11
38 17
397 14
389 86
225 37
404 46
19 24
376 97
214 57
358 37
82 66
4 64
370 87
72 61
204 35
418 39
192 23
98 2
256 45
288 13
285 72
287 93
280 80
489 28
241 4
461 91
49 56
176 84
84 58
52 47
183 63
79 18
467 49
459 34
95 29
257 69
274 100
335 3
319 16
122 2
481 44
486 71
72 -1
234 55
497 100
200 11
480 6
452 14
422 7
426 70
419 52
102 31
322 59
50 33
