91 73
268 56
76 52
397 51
24 26
196 43
259 29
220 49
65 90
127 98
346 54
387 72
479 42
34 58
251 3
25 32
70 99
15 29
351 9
467 48
362 70
474 46
103 16
332 12
306 82
411 61
173 99
396 39
499 30
397 22
302 24
132 1
14 49
378 3
77 22
329 80
492 64
79 51
398 1
417 90
208 49
359 44
310 23
31 59
172 41
146 89
467 65
443 49
109 30
211 59
312 52
438 66
39 65
96 40
167 99
284 39
277 20
373 37
416 44
311 96
368 71
177 39
270 13
401 60
497 79
296 46
437 44
384 3
296 30
281 26
246 7
466 62
233 42
437 98
118 75
114 10
10 87
272 8
425 55
308 40
