34 36
121 68
268 96
93 67
184 3
168 17
324 32
220 54
374 29
5 17
449 79
67 48
33 54
166 51
68 59
369 86
18 85
452 1
402 5
303 10
220 60
152 75
316 40
147 34
379 24
288 13
145 8
493 16
381 86
359 39
391 6
100 38
267 64
383 85
438 97
238 56
156 58
389 80
253 85
168 3
75 78
166 20
150 32
95 13
317 21
419 87
236 19
290 59
438 46
358 77
382 54
73 68
263 62
370 11
282 87
209 61
374 16
244 80
131 67
417 18
125 56
476 38
79 76
150 56
438 49
249 97
137 58
272 85
412 80
411 34
457 73
325 1
473 59
153 90
139 17
217 19
338 92
125 21
253 48
447 90
249 96
428 22
48 59
89 54
217 42
141 86
429 6
409 23
448 96
434 31
112 86
490 25
111 52
121 69
258 30
267 31
