184 49
169 19
334 62
462 75
254 18
368 28
274 50
59 43
412 44
289 58
56 41
100 60
218 83
435 44
136 24
234 42
6 57
476 71
214 43
167 6
95 88
348 84
399 68
45 62
38 18
469 84
182 54
33 96
203 75
82 71
25 98
251 4
6 97
399 87
28 28
158 52
275 23
160 3
396 50
6 61
446 53
275 44
224 95
124 42
94 88
133 27
253 97
171 49
14 35
376 70
427 21
381 41
155 42
152 94
243 70
22 13
452 66
23 61
187 96
403 5
234 82
423 17
189 91
466 81
210 6
146 86
207 37
376 62
258 51
282 46
99 44
312 7
281 99
331 27
414 25
392 22
442 6
445 71
105 60
117 53
285 91
19 27
149 76
262 62
494 11
334 77
36 85
237 55
