82 5
133 53
130 93
124 27
74 40
8 75
426 11
135 68
42 61
205 21
479 56
487 87
93 8
431 76
374 20
100 10
176 46
464 41
17 11
481 18
354 2
70 26
454 14
255 15
237 44
214 47
439 18
368 13
241 35
269 69
442 66
288 47
9 77
371 23
84 21
448 48
216 70
117 66
344 73
369 31
45 8
383 50
50 91
192 61
39 84
409 48
436 15
346 7
14 88
448 64
197 82
181 4
117 87
499 41
229 64
177 25
486 84
114 40
71 31
185 80
412 37
170 31
35 95
375 64
404 84
250 43
276 68
140 18
488 86
203 33
187 4
222 53
124 100
10 82
16 20
96 26
104 75
424 86
193 66
483 37
286 71
390 95
165 62
