372 41
128 28
195 80
234 68
483 22
441 62
445 42
318 37
168 87
277 62
426 4
10 47
283 91
332 7
214 85
173 79
328 27
173 90
277 36
419 25
109 19
101 14
116 27
351 30
464 29
119 23
18 27
306 26
240 71
69 54
58 8
459 6
95 82
339 28
5 64
53 33
60 35
13 72
90 59
335 7
483 24
497 53
157 8
18 95
417 43
224 80
486 9
60 35
207 79
260 63
241 23
234 74
498 18
38 68
130 37
335 19
240 62
65 60
197 23
111 84
382 42
459 97
382 84
302 46
98 -1
147 71
341 4
5 64
36 37
445 84
84 83
132 35
211 50
430 69
188 60
447 33
212 51
79 79
