474 -1
226 34
274 93
387 55
269 66
164 47
336 37
463 23
253 89
201 51
438 67
101 1
311 71
310 86
435 19
138 37
364 35
191 91
377 7
149 11
166 67
28 7
111 6
188 10
405 76
405 63
241 35
204 47
345 94
53 88
460 93
280 40
168 25
69 23
300 54
223 70
215 49
342 53
301 31
233 91
459 56
122 30
434 48
430 11
34 28
478 61
274 95
220 41
493 19
296 65
126 32
450 91
470 4
462 56
317 87
162 49
351 95
292 68
408 2
306 46
142 58
263 71
84 39
188 60
179 89
94 13
427 67
137 53
12 75
475 -1
311 25
179 55
497 46
353 26
21 81
349 82
326 7
222 11
134 29
244 100
20 77
228 88
58 98
91 77
155 29
20 23
298 64
56 52
35 97
166 35
391 12
156 28
180 10
