402 95
500 58
57 8
82 42
121 52
83 -1
257 17
1 16
446 75
433 41
92 71
201 95
350 97
66 30
452 17
67 89
216 38
185 26
300 15
298 26
275 37
341 34
462 34
434 85
40 58
29 43
86 34
160 52
315 90
460 58
119 30
446 18
352 73
276 42
358 17
303 87
226 50
36 41
442 61
454 81
55 21
139 32
153 70
82 20
297 49
432 93
499 59
348 7
388 48
415 21
90 23
264 20
247 44
197 82
186 73
65 72
172 73
342 97
159 36
378 99
14 66
54 69
199 22
181 58
334 47
246 47
471 43
44 29
417 89
42 22
338 85
23 10
174 23
50 13
306 6
499 98
116 67
252 14
42 4
392 53
364 78
53 60
77 88
362 30
222 75
44 71
139 53
303 79
265 11
447 74
335 89
453 25
303 76
475 37
