142 47
387 20
364 35
186 18
228 56
373 95
202 23
25 56
360 26
83 62
237 33
248 16
53 61
202 72
463 39
129 66
285 76
112 4
112 58
89 11
68 14
345 84
163 3
423 66
119 30
427 41
57 87
120 83
331 69
69 1
348 39
72 4
103 75
257 43
4 87
1 67
188 94
359 87
156 30
212 61
99 9
465 66
311 -1
259 97
326 2
382 93
226 50
41 33
350 18
452 37
423 18
478 60
479 81
146 34
390 40
351 31
104 37
430 35
419 95
437 48
419 24
290 1
41 77
299 34
146 -1
107 35
293 3
297 7
499 19
262 80
79 4
181 80
219 62
207 28
421 82
273 2
76 4
36 11
312 23
158 44
405 82
130 88
172 63
174 12
470 22
