224 2
252 67
197 52
151 100
310 64
436 55
183 79
187 48
212 87
199 40
208 47
301 71
303 4
478 64
324 72
44 54
51 74
334 4
14 27
247 15
139 80
59 60
101 77
406 52
107 42
291 11
64 83
192 98
201 50
56 77
274 67
75 6
155 34
180 86
313 98
46 93
361 76
410 17
105 18
329 59
335 7
92 68
312 18
322 85
145 48
252 51
212 36
200 90
5 37
224 73
236 73
26 17
399 17
7 63
92 64
87 60
441 40
125 78
52 37
65 49
328 31
168 65
75 78
99 27
274 31
432 3
491 37
190 76
322 88
354 70
213 70
486 29
413 82
204 79
433 75
116 100
249 89
474 25
435 72
302 21
