498 86
27 56
93 85
249 44
74 20
5 29
332 44
105 99
472 -1
339 79
176 49
175 98
357 45
108 84
283 65
446 73
283 64
405 9
323 32
140 55
500 9
168 96
442 99
469 14
328 47
172 33
157 5
476 31
465 11
159 87
244 73
123 13
238 87
24 8
75 96
262 34
88 85
428 46
353 39
69 66
273 12
500 88
292 39
17 16
99 96
100 77
232 88
358 77
429 25
71 37
404 97
32 60
442 83
389 69
75 78
440 100
208 44
253 87
152 99
12 81
76 81
98 -1
242 1
457 13
57 39
475 41
375 22
203 20
24 65
181 51
417 27
207 31
136 98
436 24
116 64
278 76
66 92
451 20
108 2
114 83
76 82
208 100
482 50
97 84
286 86
363 15
125 66
137 7
325 95
399 96
325 66
86 43
329 8
328 54
226 84
190 29
373 72
456 70
