12 53
21 26
411 52
54 62
246 68
52 98
220 62
457 37
217 32
447 23
84 89
322 75
243 13
178 56
120 43
234 -1
389 56
49 69
498 40
273 26
302 2
439 47
374 96
217 75
432 20
185 11
455 48
216 95
455 96
366 81
399 49
427 47
451 77
16 100
186 88
172 95
203 7
183 93
112 85
461 15
282 71
309 -1
7 -1
425 22
287 3
363 29
376 36
183 -1
375 84
122 22
15 35
411 33
339 72
354 99
423 25
156 32
179 26
289 25
186 33
369 76
81 11
105 98
270 61
143 98
86 20
485 78
348 94
328 -1
115 62
243 73
6 21
2 12
66 45
118 82
118 68
261 51
290 64
50 55
342 66
204 77
138 65
23 7
329 96
422 6
111 22
17 49
26 64
445 2
361 36
260 85
338 80
223 5
269 97
85 22
