253 79
452 54
444 80
267 46
416 64
251 57
361 92
26 5
416 11
108 38
76 53
201 81
220 90
266 38
15 81
458 2
407 97
215 20
412 88
270 61
143 77
134 5
111 16
316 59
286 31
37 30
269 39
306 87
83 99
416 67
29 89
482 75
249 2
37 95
125 16
369 82
266 90
119 88
383 4
369 87
172 82
216 72
431 50
208 91
273 70
293 4
2 15
273 14
453 96
171 9
274 3
217 56
307 75
281 54
490 54
348 51
2 30
54 74
204 20
146 73
435 38
483 50
223 95
9 61
140 -1
478 36
490 47
70 36
304 88
126 19
142 76
77 10
136 28
120 18
277 88
415 79
284 29
119 51
49 90
367 93
114 28
322 56
220 100
163 14
314 60
293 75
12 88
419 54
40 46
356 46
139 46
139 37
139 38
