387 55
450 30
9 28
10 15
358 24
392 58
326 28
12 99
260 91
459 76
333 19
379 87
434 26
428 61
1 16
15 22
233 44
246 44
257 91
288 8
391 74
250 73
217 65
452 23
328 43
304 64
325 33
325 96
273 94
162 95
437 24
20 16
379 31
303 1
346 44
106 5
37 13
391 38
181 50
336 20
427 97
474 39
333 19
376 19
212 83
299 95
182 65
460 67
321 87
423 26
51 11
289 36
133 1
453 78
204 98
171 18
460 94
12 87
194 28
76 24
84 38
262 65
90 10
449 69
104 7
360 41
116 12
126 79
405 77
293 90
482 68
363 32
69 73
95 15
78 72
9 31
415 65
4 36
352 22
354 88
8 92
98 93
104 78
98 47
305 88
38 21
