170 19
301 12
50 35
367 85
462 83
95 36
176 35
359 19
25 62
44 96
386 54
309 97
323 79
181 28
129 87
404 22
400 34
342 46
422 41
457 72
101 38
251 41
337 32
469 51
233 20
77 98
199 24
151 36
155 46
126 34
278 60
136 94
110 41
341 45
293 37
208 7
357 58
43 25
132 38
132 41
426 55
382 49
212 13
431 98
215 93
175 93
38 8
487 67
425 71
390 51
286 46
368 85
435 31
201 91
119 5
86 5
188 8
154 7
130 41
194 19
107 99
188 22
18 65
179 39
179 28
78 47
224 48
129 84
395 79
300 68
161 97
360 70
67 71
369 43
497 91
272 6
236 70
331 39
309 20
179 65
334 99
31 98
194 26
158 59
329 55
185 18
273 12
194 34
249 85
157 92
157 21
277 22
377 10
321 45
437 83
432 38
