243 98
83 22
378 24
197 51
226 46
99 83
195 64
464 30
67 10
84 44
428 82
396 71
16 -1
361 23
199 38
125 97
465 14
121 15
459 75
421 61
122 21
222 42
102 61
186 100
132 70
485 80
260 11
384 47
135 88
245 96
395 84
428 38
102 18
427 2
309 99
179 28
92 6
316 64
127 46
195 25
430 12
105 73
342 20
212 6
376 13
221 10
280 59
458 25
46 1
234 36
210 26
32 57
441 59
348 13
322 47
283 79
408 89
377 9
13 1
95 64
337 70
424 48
127 65
326 68
103 63
48 70
238 6
133 90
464 84
384 100
353 34
274 38
303 81
429 -1
407 9
259 98
375 18
240 26
308 86
489 64
