8 59
98 72
315 26
432 56
464 86
482 29
434 83
258 72
114 69
268 65
210 99
88 52
434 81
491 41
293 54
400 88
442 72
249 29
227 93
89 92
398 18
492 53
61 15
428 26
372 23
177 86
15 4
8 42
129 23
16 13
259 15
349 39
298 -1
379 52
98 1
166 10
378 85
100 93
156 80
170 84
194 26
293 38
77 29
32 22
376 24
256 89
39 9
137 56
342 67
159 69
277 58
414 5
186 21
404 33
228 17
303 73
397 74
286 22
121 11
489 30
249 92
63 90
453 8
170 74
492 12
343 49
56 50
78 45
417 96
196 61
71 79
160 56
236 32
33 100
127 42
485 61
429 48
92 87
353 58
438 81
444 72
285 49
389 58
483 63
361 18
410 52
144 96
383 24
297 37
443 42
224 90
301 23
398 82
332 93
