475 14
292 42
353 44
290 96
227 6
482 81
419 19
115 22
448 23
483 73
151 32
316 71
367 38
388 91
310 94
226 79
188 11
373 63
239 54
228 88
149 28
30 81
226 92
80 53
304 55
101 21
280 70
337 90
354 64
96 66
96 17
234 31
365 76
31 25
400 35
479 18
105 97
251 94
310 30
290 49
284 -1
81 33
226 10
294 47
148 54
277 13
372 69
498 76
28 31
426 36
141 22
491 72
133 81
292 6
228 58
116 72
174 73
278 71
129 99
416 28
62 36
482 30
325 78
193 30
214 6
290 11
401 16
122 14
45 48
236 94
398 68
247 91
112 84
378 71
266 55
29 54
229 43
369 23
157 41
200 68
151 93
362 34
98 35
365 44
410 96
86 37
89 39
