141 99
163 77
113 13
399 49
424 23
268 55
253 100
66 65
245 32
139 73
319 30
307 96
160 100
299 23
250 99
189 51
207 11
391 100
439 23
381 67
67 71
58 89
167 33
71 94
135 40
239 13
132 82
195 90
106 73
27 87
424 57
124 51
409 58
95 41
174 8
322 13
165 27
216 68
42 99
404 14
77 10
357 60
237 24
489 30
293 36
331 54
111 89
279 93
231 85
216 26
12 50
64 82
459 1
161 39
290 47
369 19
37 27
258 90
78 29
164 4
472 65
323 64
283 8
406 56
382 11
159 74
475 8
133 88
220 84
302 27
410 74
422 20
116 98
452 27
244 74
78 90
392 78
470 30
397 24
226 65
453 39
213 62
495 22
256 53
282 13
26 33
353 91
168 51
329 7
443 37
