213 78
367 96
5 27
99 47
418 12
53 47
381 16
427 97
171 98
153 31
150 26
439 44
283 46
408 40
101 7
460 79
415 42
466 50
416 -1
180 38
121 89
194 40
493 68
496 53
58 33
247 42
349 45
348 54
429 98
413 9
347 54
429 33
28 37
369 30
98 51
351 100
151 14
357 55
56 84
177 38
374 54
46 28
385 39
217 81
163 89
196 15
486 12
40 62
187 43
202 70
139 32
408 66
483 76
106 81
400 -1
451 24
328 3
411 100
351 61
231 47
362 10
239 75
292 15
358 18
448 93
330 35
449 92
250 37
231 21
393 89
279 19
213 42
461 98
128 47
337 54
335 23
133 24
25 88
123 8
131 37
215 22
336 17
245 97
59 65
137 13
412 50
18 92
81 63
344 100
358 94
330 42
435 87
370 46
371 5
431 5
