313 68
491 56
402 28
374 85
367 8
47 19
65 75
380 83
2 99
131 94
498 4
36 58
222 64
274 90
127 48
39 40
150 6
476 27
402 2
323 42
52 21
336 6
334 2
118 53
269 41
46 84
473 82
128 93
95 4
198 8
429 7
197 16
311 70
497 43
25 53
99 12
444 3
398 18
72 10
162 53
87 43
381 66
27 11
280 92
389 50
481 74
403 81
456 85
56 17
184 84
461 5
300 49
226 21
128 75
257 79
453 49
70 87
66 99
254 67
109 31
406 99
266 47
274 40
493 29
270 41
11 87
98 39
164 36
135 43
383 88
417 36
287 97
297 70
93 71
56 10
377 19
325 36
19 80
387 24
46 49
334 88
194 2
222 30
397 11
144 99
448 58
388 12
242 32
384 6
483 37
178 18
183 40
291 17
75 41
300 7
76 65
77 67
16 72
397 38
