353 100
389 28
377 42
136 38
31 68
372 42
470 89
477 62
359 13
429 52
296 7
52 26
30 17
482 11
226 70
131 11
237 29
473 7
3 24
12 26
375 65
488 21
189 40
58 11
116 56
134 99
408 64
479 62
143 60
444 85
377 70
111 52
464 70
468 99
41 2
326 3
426 25
99 73
63 14
108 70
272 57
407 35
194 59
261 97
63 82
305 41
7 71
415 39
59 86
240 80
62 63
60 72
295 61
53 100
72 54
295 78
233 93
160 8
158 13
262 8
480 48
16 10
443 80
400 87
252 62
282 74
32 83
357 14
430 73
81 12
480 77
355 85
157 61
359 12
292 65
53 55
492 57
303 63
370 27
