99 47
184 98
172 48
197 39
452 56
332 92
10 17
236 84
258 19
226 16
146 76
68 82
5 55
317 78
250 57
490 15
132 37
428 52
390 10
481 79
273 74
317 36
403 12
207 31
338 56
253 95
224 99
95 50
78 20
84 46
284 36
211 11
89 33
240 83
253 87
332 85
19 46
153 57
280 47
147 35
93 3
179 52
489 95
341 38
43 25
257 34
299 88
86 14
96 54
159 80
337 52
358 17
2 100
442 96
84 18
110 34
440 32
92 71
130 39
176 28
424 32
490 52
54 39
246 45
333 91
41 7
104 35
170 11
187 96
187 15
278 33
345 89
113 65
460 39
85 97
258 42
111 2
325 96
497 5
419 63
364 98
365 61
28 68
479 91
262 84
262 57
124 24
483 95
114 82
392 66
311 90
478 43
406 28
279 67
430 6
