466 7
456 47
387 63
3 51
323 56
490 89
314 61
392 12
413 36
438 11
103 93
171 59
446 22
384 58
10 18
347 23
132 85
93 96
236 52
220 5
135 42
31 78
443 90
58 15
241 41
393 36
289 12
231 31
135 66
317 40
312 55
114 58
294 81
482 89
6 74
84 74
125 45
29 37
313 67
205 81
73 8
184 16
307 69
481 56
19 58
131 54
198 82
399 63
96 16
358 58
470 100
446 80
447 65
171 57
387 34
362 1
150 95
349 33
397 17
418 83
106 29
476 3
125 54
491 36
218 25
110 48
480 6
237 26
134 73
119 64
384 94
2 15
163 40
338 55
388 42
147 64
390 50
208 68
164 72
140 68
85 94
229 19
53 93
400 15
168 88
210 78
19 14
280 14
338 28
49 35
382 89
75 95
402 30
422 21
313 78
106 32
