79 65
56 54
230 35
113 33
396 3
210 95
405 65
369 65
404 39
358 41
214 48
264 35
253 62
17 98
221 41
340 81
342 41
417 54
5 68
58 30
406 18
264 67
43 84
172 60
400 94
151 17
399 56
96 16
96 30
351 65
35 64
192 95
370 -1
43 67
177 87
432 89
357 -1
151 16
447 52
264 43
112 26
222 48
357 27
499 78
378 30
479 91
300 91
403 67
6 42
150 92
120 77
199 80
477 80
184 79
21 36
360 49
54 1
358 1
375 87
193 95
16 46
216 35
449 18
48 32
119 50
19 89
182 49
89 80
311 78
44 66
364 32
364 65
363 33
407 8
16 27
162 35
216 77
353 77
80 54
172 1
343 72
162 94
478 11
439 21
318 44
469 80
204 79
365 2
5 81
