273 56
294 84
328 77
392 71
357 9
91 70
80 66
240 14
209 1
188 7
241 98
275 61
370 21
26 -1
329 46
357 87
174 39
398 59
438 27
94 7
131 75
178 -1
142 100
268 57
165 62
176 17
197 47
242 82
226 59
482 85
280 17
266 83
69 53
330 88
366 70
385 10
228 34
176 20
366 41
302 34
5 80
453 39
273 97
454 55
469 46
339 12
362 73
309 50
30 99
395 81
1 83
58 34
477 3
338 85
309 55
175 39
127 5
127 30
92 90
294 18
209 61
294 65
413 13
476 80
466 48
116 70
431 52
361 40
381 79
84 77
289 21
353 1
42 60
392 8
82 65
7 81
37 88
2 77
267 45
296 40
