88 70
239 86
412 33
267 25
197 17
81 17
402 72
143 28
312 46
377 15
485 24
33 71
140 67
498 27
246 24
388 56
423 36
120 65
255 80
104 3
495 59
135 58
299 48
58 82
3 96
61 11
194 77
163 23
73 10
407 88
447 22
72 27
417 52
124 97
28 -1
210 24
113 59
414 90
143 85
121 46
433 88
37 80
403 25
233 18
465 21
90 61
208 51
273 56
31 58
185 32
59 2
402 52
177 92
488 68
96 64
295 67
143 88
4 62
249 76
464 13
319 43
9 74
367 78
287 29
313 7
173 75
86 93
83 66
257 20
124 41
366 97
383 91
259 95
415 94
90 34
2 51
200 64
226 84
471 79
233 34
307 66
407 72
480 2
342 76
50 13
312 83
436 36
488 6
49 13
6 16
217 50
219 47
87 59
269 93
