247 81
305 73
267 91
405 61
118 41
37 98
121 12
98 30
90 21
290 82
154 92
33 64
33 99
281 53
172 4
493 50
138 43
73 45
374 24
360 19
354 20
452 57
101 48
422 88
237 31
44 30
380 62
236 96
133 66
31 87
101 92
96 43
27 98
105 59
270 70
214 8
223 41
258 75
83 58
494 13
397 62
127 65
125 10
470 75
158 4
132 23
106 35
112 59
485 45
168 18
218 50
375 98
182 75
196 68
254 6
325 29
187 5
50 23
391 14
11 9
21 85
488 43
399 66
1 23
158 82
4 56
316 76
328 37
380 19
20 27
480 36
110 65
427 71
440 11
192 94
400 18
356 2
343 67
419 24
263 84
173 38
495 40
389 19
207 64
57 85
34 77
141 88
448 4
413 15
72 21
373 20
469 58
261 65
433 46
156 40
389 61
