394 83
431 60
206 74
163 85
462 38
6 88
364 25
24 49
494 97
85 43
81 54
152 83
196 60
446 62
254 89
300 17
229 99
203 8
36 42
350 80
102 65
293 8
176 64
330 94
481 2
14 22
404 73
401 39
471 68
34 54
21 53
261 5
465 47
44 71
386 98
258 18
270 57
479 45
386 81
385 38
251 87
298 54
113 25
348 63
446 22
363 20
398 19
486 36
194 30
270 98
272 81
55 59
140 100
156 20
101 48
417 53
408 29
57 24
184 64
189 32
183 73
237 52
483 45
322 58
54 59
262 27
89 72
105 41
470 52
323 10
62 42
390 70
186 67
300 24
178 18
368 23
4 57
104 33
196 96
418 86
70 94
457 -1
240 96
7 22
26 84
111 62
212 49
106 3
345 76
472 20
