252 70
192 64
268 1
270 14
297 64
231 55
361 5
4 62
464 32
259 80
231 39
149 49
31 86
496 94
155 17
92 44
428 91
4 41
13 86
484 33
258 99
247 26
411 51
56 16
374 59
458 46
405 3
361 25
189 76
445 31
342 97
318 38
245 94
170 35
72 37
87 10
435 17
276 70
109 90
301 89
404 78
499 50
119 60
303 87
446 2
156 90
468 2
497 84
188 30
183 34
71 42
414 21
201 49
340 36
449 60
417 22
263 1
66 18
128 49
262 49
204 69
252 13
171 62
295 100
231 32
71 11
498 10
363 95
235 60
418 32
231 13
39 87
322 66
95 5
312 92
97 42
218 23
221 68
250 65
442 82
384 22
