21 66
12 99
336 13
333 65
227 67
29 54
32 86
451 59
293 38
491 97
476 99
157 20
332 52
84 71
369 24
106 84
322 86
232 90
245 61
383 34
357 84
118 25
338 34
154 31
153 46
28 96
226 76
280 33
241 26
492 34
40 83
217 21
231 83
474 35
65 39
476 63
432 32
317 1
35 86
377 44
236 57
419 51
88 37
364 71
167 76
215 29
326 86
152 59
413 9
65 70
389 29
267 32
213 84
39 62
232 57
130 70
400 35
269 1
158 85
352 63
139 79
401 89
9 88
15 26
94 89
105 17
284 97
41 31
398 30
161 89
45 16
240 9
25 60
158 59
279 68
371 55
291 7
281 84
157 16
17 1
457 73
484 82
355 15
468 100
147 62
486 11
