195 26
352 35
350 37
270 34
207 83
118 97
448 2
429 35
371 35
100 57
6 96
45 97
295 28
491 5
155 29
225 63
280 79
49 2
333 56
58 65
379 7
134 87
411 92
438 -1
409 86
105 93
486 75
287 34
315 7
221 92
254 41
189 69
161 88
15 30
181 31
123 71
233 27
183 60
316 36
201 39
341 16
16 92
253 15
44 63
102 20
396 60
278 93
201 11
214 40
330 80
205 11
70 83
422 86
236 10
405 96
457 29
460 6
236 92
250 60
34 11
402 34
236 59
294 43
121 85
375 8
424 68
339 17
195 23
485 52
472 94
428 39
124 38
369 65
484 53
346 59
387 45
35 27
302 99
68 38
57 55
193 100
325 39
364 76
383 7
96 64
209 95
385 95
