404 74
298 44
304 89
231 99
488 99
12 60
310 25
325 83
490 5
152 80
190 66
226 2
38 68
304 47
193 39
29 5
13 71
477 22
308 92
322 51
290 24
268 77
396 72
341 56
464 16
175 1
172 32
19 12
275 28
27 23
22 66
355 16
222 61
43 33
64 32
327 23
94 78
193 77
342 4
166 68
317 25
300 80
410 57
67 51
172 95
54 24
344 15
184 15
255 97
251 76
384 8
134 69
497 27
181 19
267 39
259 37
110 27
395 52
92 88
146 26
216 20
114 95
392 100
201 17
82 46
218 90
492 22
48 88
171 2
253 89
277 15
495 49
389 70
31 42
388 94
494 98
306 74
475 88
189 41
236 35
185 3
278 55
20 19
296 100
306 88
98 5
