455 66
161 58
205 15
434 86
314 14
24 73
99 72
469 6
46 52
64 39
434 56
131 82
227 78
273 80
335 37
283 52
407 92
157 79
89 72
229 79
431 42
105 16
189 1
80 86
243 80
21 40
326 4
139 26
122 5
234 48
104 67
133 90
394 88
471 46
97 58
311 15
5 79
305 67
135 14
483 13
353 41
235 7
126 34
395 64
379 20
184 13
342 12
180 68
220 25
236 15
375 18
85 55
427 23
144 39
420 57
286 59
378 22
346 11
47 33
229 66
90 61
221 86
275 40
359 98
499 47
66 55
496 85
86 68
181 -1
276 62
122 53
480 19
277 37
60 35
337 88
481 28
366 37
125 92
49 52
432 98
467 82
478 84
474 76
269 43
287 58
36 22
258 22
43 84
422 57
49 91
265 86
483 98
426 36
425 64
161 19
252 67
164 21
365 23
473 26
192 88
