322 41
13 62
354 72
35 15
49 18
96 44
346 76
348 86
469 89
286 95
162 21
262 47
489 1
457 14
13 83
25 61
81 82
478 78
474 49
409 84
242 22
160 92
406 36
324 80
424 48
14 93
166 55
248 74
218 82
29 23
13 85
4 51
225 64
359 30
68 4
345 88
418 94
255 49
214 64
206 84
13 58
496 86
477 78
276 5
197 62
211 57
365 -1
325 32
400 70
119 88
499 2
280 70
206 52
136 97
101 59
118 16
89 48
117 74
88 4
89 94
464 72
5 70
114 21
282 35
16 94
110 50
479 66
378 92
30 52
39 88
406 16
330 21
126 56
244 98
145 65
144 3
496 82
126 93
194 96
111 42
265 99
247 35
116 51
1 77
168 8
322 100
314 1
