398 50
438 95
388 97
486 87
476 36
476 2
413 80
430 72
184 59
377 2
12 4
419 42
279 58
22 51
310 96
32 67
49 33
269 86
469 68
448 90
489 39
91 15
130 29
32 72
177 20
341 81
339 58
411 11
323 1
69 3
381 52
37 10
299 95
451 70
53 95
43 93
409 31
464 62
450 58
410 9
338 65
303 94
196 11
401 41
198 69
273 53
6 43
105 80
487 11
313 70
129 23
339 40
103 27
295 86
310 34
183 91
243 41
105 17
448 44
257 76
42 22
483 58
14 2
353 5
462 -1
286 28
291 71
263 83
216 5
135 88
281 91
229 78
334 74
45 72
259 26
485 76
275 81
164 44
430 54
235 2
128 17
466 97
382 13
413 56
19 33
271 30
121 43
340 51
4 76
116 58
102 90
76 79
266 18
491 99
319 10
129 10
394 54
