204 67
188 96
105 21
324 57
400 92
423 65
111 58
372 22
294 1
356 70
151 100
227 -1
394 38
95 17
155 62
3 66
2 71
411 46
498 43
309 52
263 44
432 99
343 69
71 94
116 6
293 99
73 42
58 85
79 35
243 1
218 65
393 54
270 43
386 11
135 36
432 55
335 56
388 57
421 5
186 69
56 94
287 85
32 90
482 41
319 75
123 66
128 88
161 23
489 9
161 81
185 45
464 4
215 40
269 34
490 82
18 56
192 60
457 65
84 55
44 8
398 42
385 62
486 16
418 1
220 9
61 50
195 -1
129 76
449 81
245 18
33 88
213 68
211 74
204 69
462 88
365 51
107 31
450 72
73 87
303 99
437 12
435 26
444 5
