230 82
210 76
371 9
125 48
289 92
128 13
406 31
349 83
61 48
306 33
442 30
91 58
381 57
394 20
332 34
470 94
473 64
433 94
155 62
381 70
483 3
333 43
24 91
29 15
99 75
228 87
28 57
22 69
289 68
166 49
252 46
478 13
273 94
387 83
302 59
132 66
145 13
282 41
381 78
107 67
354 81
440 78
93 16
448 65
393 40
118 4
331 -1
340 100
360 35
53 36
284 13
84 100
230 13
83 59
378 40
483 70
254 33
229 94
489 61
500 23
30 66
466 46
392 99
99 73
180 42
444 73
138 62
254 72
375 34
306 46
65 91
445 31
183 1
266 28
182 21
394 86
308 33
196 38
344 26
129 30
446 47
56 52
295 34
142 3
