216 9
134 60
401 5
440 1
141 7
30 63
459 82
169 77
25 78
72 18
352 4
420 66
195 1
67 45
433 66
448 79
184 7
5 62
7 45
53 40
371 35
2 20
19 91
229 96
288 22
485 -1
461 21
154 74
485 24
461 5
192 69
145 89
372 73
452 62
280 40
266 26
47 86
412 68
167 78
434 81
79 81
79 64
200 7
106 76
28 48
153 13
214 91
36 8
449 68
206 82
245 67
491 99
497 42
241 66
465 58
193 82
438 92
143 35
265 29
483 92
436 37
221 83
239 69
146 33
238 8
1 7
183 48
393 44
227 68
425 -1
125 35
108 6
224 1
444 65
191 29
153 65
56 88
200 74
150 84
59 13
412 46
63 2
254 68
377 76
244 94
329 88
391 78
247 97
108 70
35 89
218 43
