288 22
360 81
226 -1
355 57
490 9
19 5
53 82
82 38
174 21
140 73
184 35
414 67
87 72
244 93
354 14
336 88
389 88
425 81
159 49
411 49
206 37
219 3
398 52
207 44
313 96
258 54
481 47
365 26
182 13
45 32
414 60
387 21
9 38
362 46
23 39
322 77
437 69
197 27
232 92
465 13
327 96
360 64
110 32
78 55
361 44
341 33
169 87
338 46
427 50
136 48
321 57
161 16
233 2
352 21
163 25
65 5
477 59
186 46
256 70
110 5
89 68
375 93
312 42
107 23
463 90
57 22
361 91
117 33
157 24
173 11
177 30
253 90
110 41
103 95
292 78
430 85
126 21
153 39
251 29
156 56
194 13
262 40
179 57
283 86
237 49
127 3
92 61
298 72
268 85
60 80
5 45
195 98
158 65
63 4
129 65
431 73
