404 49
135 39
235 89
184 34
105 75
36 25
60 46
203 71
150 98
62 76
484 74
13 9
329 24
144 49
7 38
63 47
352 20
82 55
446 48
117 43
299 48
122 31
29 48
62 80
313 20
81 72
300 27
393 95
473 64
193 38
273 99
465 16
358 8
296 13
143 7
472 59
302 76
76 15
114 16
459 65
458 71
89 2
44 96
406 95
203 1
223 89
445 84
19 13
491 4
227 43
257 57
17 92
242 33
265 45
473 75
44 38
239 27
330 23
278 72
491 87
92 37
80 68
252 73
92 99
93 41
73 22
114 13
181 13
421 47
346 3
392 92
94 79
437 68
402 45
15 1
150 11
74 75
214 25
439 42
396 31
156 38
146 31
249 88
386 87
62 80
11 60
352 88
221 74
135 26
440 59
71 83
141 77
96 81
