265 88
108 83
339 3
204 30
219 12
238 18
103 11
358 11
133 65
464 43
307 93
241 60
243 30
393 100
399 91
402 5
166 50
369 3
260 50
493 59
340 58
392 49
261 45
233 23
203 43
303 42
184 51
103 48
416 40
336 69
213 88
351 61
412 82
236 78
295 65
388 58
499 26
70 99
22 3
183 56
408 8
430 40
258 58
315 53
296 10
116 94
456 92
118 10
446 28
105 38
444 18
309 85
65 21
339 53
357 67
270 69
430 69
106 84
60 20
36 56
362 62
450 33
133 34
256 80
436 50
80 23
107 70
67 88
410 58
365 60
366 78
53 4
91 30
304 19
191 74
123 92
142 41
387 66
161 14
234 2
106 78
362 41
254 68
376 27
378 59
13 64
209 46
