1 91
367 91
230 65
371 26
1 61
12 55
128 7
474 61
369 7
2 99
103 26
340 71
381 48
328 83
178 19
296 89
400 65
327 51
456 78
225 91
358 62
225 36
200 74
341 48
374 90
341 30
338 8
409 5
93 49
407 66
346 9
111 95
266 65
256 98
132 97
368 6
351 74
127 26
69 48
483 26
300 5
458 24
360 26
43 7
138 52
425 6
454 20
108 21
113 88
81 56
82 43
225 90
388 28
360 55
132 87
346 35
278 47
460 79
486 33
193 79
307 65
324 28
418 40
121 91
94 63
287 94
475 56
97 80
341 60
466 60
268 9
386 38
206 6
160 35
280 32
1 27
432 18
172 24
299 44
274 27
241 53
495 86
4 41
500 1
61 93
178 37
62 21
147 93
152 3
431 70
378 70
