143 25
369 20
138 38
95 47
13 87
444 65
234 49
19 21
111 1
480 55
366 38
188 71
487 25
307 56
140 54
125 21
250 30
197 79
88 88
344 77
248 41
82 3
268 33
482 4
298 99
277 81
197 88
17 92
142 65
472 72
338 98
125 72
469 33
204 75
337 64
45 32
169 76
50 97
129 49
486 60
374 82
353 14
476 18
51 51
450 26
255 82
30 74
295 41
138 100
214 57
424 -1
141 79
54 16
159 14
455 21
347 45
197 40
456 99
54 3
371 73
75 32
113 7
454 6
317 68
212 94
175 55
210 49
420 90
266 79
329 84
435 83
439 35
136 54
215 22
431 76
212 81
267 95
392 44
486 44
126 33
239 52
169 38
333 38
198 14
322 36
238 46
47 22
177 96
224 65
168 55
87 38
62 14
473 55
137 1
78 72
81 33
