275 99
321 99
235 54
137 18
376 68
327 66
139 99
158 94
97 15
459 14
452 39
14 66
216 13
81 4
72 42
16 75
3 89
129 78
119 53
328 35
277 69
423 52
164 42
111 92
129 50
103 87
459 8
46 2
7 5
64 38
275 75
183 15
167 17
375 56
55 48
203 61
466 92
19 -1
62 9
79 49
488 52
307 40
151 8
183 53
36 77
286 3
417 16
442 25
202 87
131 63
84 66
75 95
310 30
339 95
493 2
257 25
195 17
464 14
405 40
179 82
299 56
268 27
149 92
130 84
380 35
428 93
357 90
285 88
303 6
31 30
219 72
75 60
90 56
231 44
461 81
486 40
417 20
222 32
106 82
440 66
12 61
488 68
145 60
136 41
184 97
46 -1
