177 80
355 76
231 88
405 67
229 51
161 18
459 1
338 70
423 9
300 39
139 35
381 39
20 33
492 17
67 60
46 43
46 44
421 7
57 81
202 39
229 1
21 37
67 36
62 97
153 6
38 35
464 86
32 86
313 54
397 5
170 9
337 61
419 49
330 79
81 5
42 18
257 27
407 82
239 43
472 38
235 99
469 67
285 4
436 67
111 88
201 64
371 80
308 56
386 23
357 72
448 2
415 57
37 2
451 8
427 94
444 89
238 44
171 26
90 6
359 44
210 25
202 70
96 90
176 74
360 4
275 23
228 19
136 11
448 29
498 42
95 66
270 64
47 38
14 79
145 4
486 34
319 4
152 51
88 79
476 40
367 54
435 27
280 41
34 87
208 64
330 80
12 77
203 98
397 30
307 80
348 76
