478 22
207 51
107 31
393 39
49 66
61 -1
352 55
447 68
90 85
90 5
456 74
285 13
491 86
136 55
24 93
283 92
285 88
175 74
406 64
327 85
425 3
159 69
322 53
317 9
414 24
391 93
437 37
355 88
476 78
307 56
405 57
185 55
141 74
402 62
302 17
429 22
382 86
450 65
482 85
128 60
236 30
401 85
74 53
440 56
115 87
338 56
135 52
328 79
58 99
439 99
223 52
238 40
217 97
240 65
111 29
270 47
81 12
51 29
117 22
370 59
280 73
18 77
412 32
152 99
428 39
213 53
371 43
374 2
73 97
186 20
494 12
445 15
453 56
108 3
493 72
47 39
411 39
151 99
249 63
180 38
290 43
267 4
401 49
20 78
351 14
429 100
431 57
