429 67
430 -1
368 49
238 71
308 67
389 53
291 94
254 92
205 45
305 35
259 24
391 13
226 98
183 97
246 96
139 37
413 50
293 -1
206 66
459 89
286 95
143 84
145 7
370 71
75 14
276 89
25 85
499 17
473 50
255 58
340 47
64 58
59 69
9 83
178 34
298 59
380 53
432 27
98 82
376 92
51 25
211 82
322 82
198 34
161 21
201 47
164 74
91 12
46 22
209 15
470 40
451 73
464 72
235 62
182 28
408 49
190 36
280 88
268 75
293 45
390 5
74 42
160 25
426 19
453 59
151 98
76 99
48 86
360 3
82 21
192 26
93 49
316 15
494 29
162 69
8 8
460 19
124 49
27 27
157 9
174 24
192 11
436 61
132 44
169 41
126 48
246 15
404 26
431 8
