33 36
42 6
270 10
268 22
35 20
40 69
171 29
380 53
41 11
341 48
497 75
335 29
112 4
499 40
135 32
128 6
303 27
84 3
432 90
377 81
276 30
139 38
11 15
243 2
316 71
459 88
356 19
375 65
163 86
14 62
160 97
466 6
139 54
289 45
497 4
284 81
480 83
461 29
79 63
92 89
92 22
187 57
51 46
64 59
62 23
435 68
347 -1
50 88
2 27
481 60
375 5
420 60
171 59
59 8
31 7
468 34
185 21
355 16
318 77
35 23
300 32
393 54
382 85
163 7
232 84
360 100
127 38
4 19
202 1
128 98
287 24
73 90
260 63
212 33
195 86
82 77
170 39
435 70
237 17
3 95
183 40
463 27
181 87
106 83
137 48
352 77
252 3
298 55
325 39
132 39
74 63
444 52
426 5
210 28
1 16
