179 41
101 24
75 27
464 42
204 31
310 36
381 82
400 64
171 56
137 96
48 11
22 28
28 41
330 87
57 11
251 85
440 66
2 34
115 -1
122 56
325 57
107 22
349 22
38 52
62 24
196 32
186 1
441 59
156 29
372 36
389 50
273 58
346 24
167 64
494 5
49 13
38 1
178 15
398 31
452 78
52 11
237 84
446 15
202 20
261 77
299 56
17 18
494 87
342 72
237 21
28 52
289 92
71 42
278 8
107 85
329 11
390 29
429 41
207 29
200 43
186 11
71 40
266 1
365 96
246 50
476 98
289 43
177 94
324 91
418 41
436 65
496 17
182 39
471 53
149 12
224 96
463 12
161 100
12 5
427 55
166 75
3 70
122 89
427 93
318 63
14 88
107 90
241 24
