163 18
231 81
17 76
43 61
446 60
406 12
459 86
157 99
113 90
272 80
454 56
493 39
388 95
496 1
91 38
500 14
99 78
275 2
367 69
357 85
12 47
238 67
352 88
440 89
28 18
490 97
261 79
85 26
440 25
401 90
256 16
39 28
260 11
316 76
65 80
150 19
467 81
336 51
3 70
431 84
180 25
466 41
5 78
185 94
244 74
332 25
34 71
51 24
210 65
10 85
342 56
454 69
484 59
483 86
372 96
138 54
89 51
55 47
164 62
217 83
333 44
86 79
160 82
406 77
369 48
112 80
45 25
484 70
234 56
386 15
62 48
57 58
382 43
256 4
312 86
146 30
421 -1
145 71
56 14
455 58
129 80
360 47
405 80
20 25
361 78
89 79
