229 29
289 69
237 17
28 68
152 4
218 8
364 75
232 30
33 87
129 89
162 9
38 77
76 97
203 42
468 94
110 8
283 37
334 65
365 27
88 30
99 74
371 3
222 82
268 14
321 15
357 23
284 70
413 55
395 100
470 82
67 43
339 92
157 80
220 84
155 75
189 55
295 11
455 93
270 97
438 29
336 68
133 78
297 81
299 31
73 8
181 32
196 21
323 87
436 56
132 68
495 33
452 47
21 62
71 65
295 2
249 26
110 4
380 100
330 69
230 59
30 84
83 93
125 88
414 68
335 92
285 56
469 46
264 63
36 26
273 15
61 4
223 55
350 40
472 42
158 71
446 78
372 51
107 82
420 66
125 66
55 69
