84 50
9 60
199 2
496 72
370 66
53 18
38 88
307 63
456 97
7 19
483 7
212 57
263 43
428 3
470 77
165 31
293 44
98 2
23 42
7 64
115 1
44 83
449 94
162 83
177 45
121 3
154 96
422 25
418 84
405 77
383 55
344 80
3 94
103 34
268 55
210 37
257 95
322 95
353 54
364 67
407 4
211 99
66 73
53 50
41 39
258 70
204 83
220 54
62 25
379 59
64 90
194 28
248 27
262 37
30 66
186 72
152 1
142 51
407 72
188 13
471 83
78 72
441 96
125 23
30 95
307 59
423 20
494 97
262 27
198 92
162 48
171 75
470 13
103 39
34 36
10 75
469 65
434 78
78 15
143 49
415 70
433 89
298 73
378 51
498 66
499 18
170 41
403 57
398 81
143 30
244 61
327 54
221 92
