136 77
303 72
191 63
414 83
492 72
148 91
345 98
18 55
428 49
228 25
335 25
253 20
221 29
54 87
311 36
156 62
30 75
473 92
401 13
401 48
173 8
426 23
441 85
312 68
111 31
63 11
124 94
294 41
109 53
269 75
148 24
304 79
266 74
482 17
19 20
198 35
178 65
202 34
405 83
240 89
137 55
328 59
476 11
36 72
490 60
261 90
471 42
463 20
457 2
123 17
87 31
236 44
63 97
57 58
361 91
453 64
73 46
167 12
481 68
476 1
306 55
140 44
29 46
298 44
304 7
35 75
194 29
332 52
320 75
176 5
496 100
212 43
30 45
319 51
86 88
277 62
39 42
315 64
496 1
308 46
19 41
374 71
392 62
114 65
76 65
3 10
162 36
23 13
251 56
71 53
168 98
230 88
175 75
23 2
453 49
268 65
410 68
205 53
451 67
240 92
