65 1104
395 1034
342 968
201 924
9 898
50 879
491 875
360 863
232 856
61 837
85 829
352 814
124 810
55 810
433 809
327 799
304 797
477 792
165 781
489 778
113 773
339 772
231 771
183 766
31 766
182 758
435 744
17 744
490 743
322 741
5 741
112 738
283 733
492 720
94 719
144 716
38 714
476 713
117 703
429 696
308 696
376 695
138 695
338 692
500 686
431 685
257 682
458 679
263 679
49 677
303 675
162 670
26 670
235 669
148 664
149 663
97 663
343 659
163 656
166 654
310 653
405 651
294 650
164 650
44 647
56 646
349 645
63 644
462 643
58 641
145 639
285 634
366 633
28 633
127 632
300 630
8 627
11 625
399 622
16 621
326 610
295 607
408 604
62 602
262 599
194 599
335 597
332 597
3 595
137 594
368 591
423 589
301 589
87 585
140 581
14 580
154 579
354 577
223 572
68 571
359 570
346 568
289 568
416 566
2 564
209 563
240 562
274 560
170 560
95 560
401 559
357 559
473 558
311 558
388 556
109 556
46 555
255 554
219 554
472 553
466 552
392 550
315 550
213 550
10 550
350 549
317 549
29 549
259 548
383 547
323 547
467 545
298 544
167 540
229 539
288 538
292 537
121 534
398 533
238 533
218 533
420 531
251 529
436 528
454 527
268 526
21 525
88 524
72 523
499 522
449 522
139 517
486 514
451 512
284 511
118 510
179 509
424 508
384 507
241 507
396 506
478 505
312 503
280 503
474 501
265 500
456 499
244 498
59 497
463 496
369 496
411 495
281 494
250 491
192 491
1 491
347 489
319 489
248 488
54 486
444 485
447 484
230 484
448 483
291 482
130 481
34 481
242 479
484 478
393 477
380 477
356 477
239 475
100 475
98 474
267 473
306 472
159 472
421 470
406 468
340 468
461 464
273 464
247 464
434 463
42 462
126 461
234 460
186 460
410 458
198 458
452 455
136 455
314 454
185 452
67 452
325 451
172 451
211 450
381 449
445 447
412 446
328 446
106 446
45 445
51 444
237 442
297 441
81 439
446 437
460 436
441 436
197 436
155 436
200 435
199 435
24 434
128 433
419 432
210 431
496 430
279 429
414 428
400 427
372 426
37 425
389 424
470 423
150 423
76 423
189 420
158 420
276 419
75 419
103 418
224 417
320 416
415 415
358 415
377 414
367 414
207 414
99 414
19 414
123 412
120 412
373 411
104 411
277 410
105 410
382 408
225 408
143 407
134 406
256 405
131 404
481 403
316 403
296 403
457 400
364 400
394 398
181 398
488 396
482 396
208 396
217 395
413 394
404 393
275 393
60 393
321 392
215 390
205 389
101 389
455 388
442 387
261 386
191 385
246 384
35 383
135 382
13 379
403 378
361 376
227 375
425 373
371 373
432 372
221 370
180 369
453 368
362 368
418 366
269 366
53 366
22 366
93 364
18 364
173 361
254 360
351 358
119 357
330 355
84 354
417 353
378 353
64 352
355 351
90 351
47 351
69 350
475 349
190 348
363 347
78 344
264 342
271 340
430 339
307 339
333 337
402 335
115 335
233 333
153 333
465 332
220 332
252 331
253 329
245 329
52 328
70 327
187 322
43 321
480 320
160 319
89 317
282 316
216 314
176 313
468 312
168 311
91 311
204 310
407 308
318 308
353 305
41 305
39 303
20 302
116 300
184 299
374 297
331 297
437 294
178 289
228 285
203 285
272 283
426 282
409 282
293 282
12 282
483 281
142 279
498 277
464 277
391 276
493 274
151 274
495 273
313 272
286 271
278 270
260 270
23 268
459 262
156 262
125 262
141 259
92 258
196 255
30 255
336 254
96 254
15 253
439 248
222 245
365 244
71 244
443 243
171 243
161 243
66 242
344 240
212 240
236 236
74 234
341 232
169 230
397 229
4 224
494 221
387 220
309 219
370 213
471 212
7 208
122 206
243 205
110 204
337 203
324 201
258 200
175 197
25 190
390 187
83 182
146 181
214 179
82 174
57 174
479 173
375 169
79 166
428 163
305 163
385 162
345 162
287 162
80 149
206 147
334 142
440 135
266 134
329 122
450 119
152 111
348 102
73 91
427 89
497 73
