202 934
370 915
193 897
244 892
235 884
492 858
253 853
16 827
2 827
26 801
155 800
395 795
444 780
327 775
304 763
484 761
274 758
438 756
454 753
282 742
417 738
361 732
183 728
460 723
251 720
494 719
311 718
151 718
354 712
449 711
6 710
10 708
104 707
239 706
221 703
71 701
43 700
210 699
376 698
199 691
53 686
423 684
312 678
372 676
255 676
281 670
473 669
272 668
409 661
288 656
162 656
40 655
85 650
112 649
72 648
382 646
209 646
130 646
258 643
38 643
476 641
3 639
294 636
12 635
324 634
259 628
328 624
270 623
59 623
243 622
51 622
117 619
306 617
242 616
102 616
434 615
133 615
171 613
384 610
146 608
326 607
491 606
52 606
435 605
418 602
163 602
308 601
189 600
350 599
471 597
337 595
206 593
32 591
385 587
122 584
91 584
464 582
247 582
172 582
379 581
497 580
276 577
335 576
148 576
425 574
245 574
96 574
349 573
17 573
188 571
13 571
427 570
176 570
35 570
298 569
140 569
93 568
58 564
95 563
266 561
99 560
64 560
315 559
353 556
309 555
87 555
479 553
299 552
139 551
437 550
158 549
113 547
469 545
317 544
66 543
8 542
399 541
366 540
115 540
129 539
480 536
419 536
392 533
432 532
42 532
36 532
21 531
364 529
220 528
50 527
429 526
165 525
377 522
182 522
186 518
88 518
402 516
63 515
467 508
223 505
357 504
355 504
46 503
410 502
401 500
433 498
320 498
94 497
286 496
293 495
448 494
342 493
120 493
7 493
500 492
195 491
359 486
248 486
421 485
103 485
307 483
22 483
470 482
390 482
468 481
316 481
197 478
478 477
224 477
204 475
137 473
74 472
285 470
322 469
211 469
398 468
207 468
458 467
203 467
177 465
118 465
76 465
310 462
25 461
465 459
287 458
55 455
389 454
375 454
269 451
194 449
141 449
360 447
374 446
212 446
184 446
153 444
11 444
81 443
388 442
225 442
205 441
367 440
441 439
249 438
126 438
356 437
62 437
340 436
200 436
20 434
325 432
319 432
47 430
41 430
284 428
234 428
75 428
33 428
397 427
277 427
487 424
323 424
267 424
477 423
39 423
161 422
105 422
80 422
455 419
83 419
457 418
416 418
250 418
451 416
108 416
488 415
213 415
190 415
154 414
143 414
461 413
493 411
222 411
463 410
144 408
373 405
92 405
351 404
142 404
396 403
60 403
445 400
289 399
238 399
61 398
19 396
147 393
331 391
232 389
208 387
400 385
313 385
100 384
246 381
187 381
403 380
271 380
107 380
422 378
114 378
265 377
68 376
131 374
262 373
134 373
440 371
346 371
219 371
168 371
98 371
343 369
116 368
334 365
29 365
474 362
426 362
149 362
27 359
363 358
486 357
233 357
24 355
332 353
159 353
73 353
231 352
472 351
466 349
405 349
110 349
214 348
175 348
387 345
406 343
394 342
352 341
499 340
150 339
79 339
30 339
446 338
228 338
174 338
37 338
300 336
278 335
413 334
475 333
97 333
217 332
70 331
192 330
273 329
442 328
264 328
229 327
185 326
196 324
489 322
173 320
157 316
333 315
345 314
254 314
439 311
290 311
14 310
447 309
279 309
169 309
218 308
380 303
347 301
297 301
341 299
28 298
34 297
305 295
415 290
436 289
56 289
411 286
348 285
358 284
495 281
49 281
18 279
318 278
1 277
178 276
330 275
498 274
135 272
268 270
314 267
145 264
125 263
121 263
111 263
386 262
291 262
67 260
456 258
430 257
483 254
86 252
127 249
167 246
226 243
338 242
292 242
485 240
408 239
412 237
256 237
201 237
132 237
4 236
9 235
180 234
23 234
369 232
156 232
459 228
69 228
48 227
160 226
89 226
275 225
106 220
383 219
296 219
404 217
124 217
381 216
128 216
391 214
407 213
280 212
215 210
216 208
462 205
452 204
496 201
90 189
362 186
428 185
368 183
344 183
164 181
263 175
365 171
179 168
101 164
450 162
236 154
152 154
295 152
227 152
241 148
82 147
136 124
424 122
420 119
45 117
54 115
198 100
191 27
