196 178 104 103 145 85 43 116 130 63 41 56 137 146 146 111 52 64 120 188 100 83 128 87 99 84 84 89 57 92 156 179 179 115 39 103 110 30 49 114 103 86 110 62 92 134 66 90 158 94 24 51 71 52 46 125 133 116 118 98 84 100 79 45 113 102 94 73 76 137 148 145 111 95 113 135 169 128 88 120 135 81 75 95 120 141 67 28 79 166 150 67 15 39 127 109 25 56 91 74 
42 27 102 104 100 161 168 168 97 79 78 114 124 78 82 120 160 120 104 141 121 78 80 117 101 125 119 48 27 101 116 92 109 96 95 43 37 127 175 93 33 78 73 62 133 92 15 8 44 142 118 106 172 141 109 77 55 58 82 113 105 90 95 79 92 121 93 68 44 102 151 110 95 72 102 117 60 28 44 89 136 100 112 179 114 123 140 103 131 92 96 103 98 156 112 77 130 87 66 67 
106 151 98 32 112 159 156 102 84 128 70 68 145 113 135 167 161 177 92 36 44 96 133 125 114 48 11 91 151 83 22 10 36 33 78 84 16 79 123 97 96 63 48 80 61 41 104 161 128 124 169 98 34 43 104 146 120 150 93 66 78 104 136 97 100 84 67 41 39 38 67 132 158 187 140 111 97 79 141 166 86 67 146 95 52 58 78 146 96 76 116 63 30 118 104 65 149 141 85 97 
62 94 84 111 105 92 145 164 136 58 65 51 39 82 116 86 49 92 70 17 54 48 70 80 88 96 39 32 52 105 156 137 142 170 135 130 89 110 155 135 131 80 57 104 103 137 188 129 105 136 140 167 191 178 131 56 102 150 132 120 66 78 80 30 48 41 99 115 105 148 71 105 110 43 99 89 68 129 108 93 107 109 144 80 35 120 115 69 96 86 96 99 95 87 29 90 98 62 75 30 
82 55 43 36 13 28 83 128 150 91 88 143 161 123 73 143 185 112 87 155 122 95 65 53 121 145 155 151 75 15 98 122 84 139 136 120 171 157 92 51 43 106 97 74 70 20 43 64 113 148 94 126 194 138 41 94 108 96 179 133 88 123 113 124 127 97 53 40 111 162 153 94 83 100 99 87 86 123 90 97 117 97 89 87 149 112 102 170 98 36 70 94 148 144 140 191 173 142 118 69 
6 45 91 63 17 89 166 158 172 140 58 16 5 52 150 116 59 117 152 100 27 21 58 80 48 64 67 76 123 130 168 158 63 6 76 103 40 24 92 138 108 129 100 97 119 108 85 37 51 72 54 101 127 53 22 14 36 117 166 118 89 122 125 84 65 113 125 146 134 134 151 127 161 152 79 39 79 134 164 88 29 29 59 71 46 124 166 164 105 94 165 136 102 69 59 69 37 89 164 156 
92 76 126 143 141 132 101 67 44 91 95 81 89 90 120 137 150 105 59 105 143 161 75 74 163 143 139 171 151 166 196 177 141 158 192 165 113 68 92 120 139 101 76 106 52 13 87 177 175 139 116 97 91 124 78 79 103 30 32 73 115 90 36 52 119 118 119 166 138 137 175 132 78 61 64 45 62 125 157 170 142 134 143 131 83 70 71 61 125 183 110 45 123 150 137 139 129 163 171 113 
4 3 18 106 119 64 58 121 108 62 67 115 120 41 37 57 89 115 120 130 136 83 72 52 52 125 152 141 78 105 176 124 140 138 62 57 62 54 100 114 96 147 162 130 86 36 8 16 45 69 139 133 93 91 74 82 140 181 146 152 101 75 82 43 117 156 161 141 66 119 136 127 176 155 78 24 101 95 102 174 167 169 78 33 51 98 92 13 41 98 97 132 152 159 168 80 58 80 86 110 
46 115 164 161 94 27 46 66 128 169 166 173 189 139 134 103 55 117 98 44 93 107 114 96 47 43 9 9 50 67 94 129 150 177 161 86 45 39 39 91 115 88 34 2 14 104 167 171 148 77 53 86 96 55 73 128 134 85 43 29 52 116 102 116 178 158 115 127 81 26 113 113 83 129 118 92 70 28 100 173 131 98 104 105 86 121 128 94 117 97 105 151 138 77 51 57 40 46 47 106 
68 113 156 108 125 186 166 135 160 165 102 117 132 74 41 66 97 104 100 115 111 53 89 100 44 34 63 83 34 61 148 128 102 100 100 103 94 56 45 127 150 108 139 153 146 123 42 12 8 37 132 125 54 34 91 183 159 101 123 173 149 126 135 94 109 152 121 63 83 118 122 142 92 124 166 166 158 120 115 147 111 101 134 97 137 126 51 44 105 128 138 151 153 170 135 62 27 77 91 38 
86 121 124 128 85 28 105 113 91 102 66 111 119 49 58 112 110 75 110 102 60 66 97 120 92 36 7 43 59 50 94 136 154 108 75 140 124 83 76 36 20 11 89 114 65 84 107 143 108 101 150 126 150 116 36 28 71 113 126 134 59 17 116 140 115 107 46 90 166 101 74 142 83 54 53 91 108 72 65 34 70 118 98 94 134 83 92 88 79 122 137 163 127 116 139 139 102 85 51 1 
94 62 16 22 28 93 139 63 26 23 75 140 120 111 97 102 143 120 115 128 121 68 67 138 78 89 129 113 99 125 106 10 62 75 15 51 140 101 12 41 136 142 83 71 41 49 94 84 127 140 113 80 72 132 115 113 118 114 136 84 77 115 125 104 90 60 48 57 79 107 89 146 191 115 118 147 115 98 44 83 158 146 82 84 142 111 36 105 132 111 99 88 112 59 109 140 78 34 59 110 
20 63 139 169 149 86 56 45 56 102 94 84 130 89 33 41 49 92 72 91 141 152 159 126 132 173 120 72 141 139 139 164 126 154 160 90 53 113 132 108 90 38 76 130 105 141 151 111 133 84 80 108 75 81 112 158 100 23 62 129 158 159 119 63 53 48 110 129 78 128 117 79 134 176 181 153 134 116 144 117 58 40 33 102 116 51 42 47 44 48 67 126 168 155 120 131 74 14 106 147 
114 157 195 181 143 85 82 60 67 110 85 129 179 107 47 31 35 85 92 66 48 70 55 14 71 141 80 22 102 135 137 158 99 97 124 109 91 86 134 143 132 136 76 95 178 147 140 153 92 76 64 90 95 46 92 138 153 128 61 82 123 94 60 57 132 129 117 108 124 117 96 127 89 77 87 63 19 68 156 147 58 25 26 93 142 141 142 109 110 93 43 101 138 85 54 70 101 129 94 100 
110 135 106 81 69 29 64 79 125 161 115 93 48 6 58 136 120 59 68 80 73 101 138 121 79 132 136 60 84 156 180 149 120 129 73 43 108 117 122 169 131 42 65 96 69 74 71 127 98 33 125 103 42 79 66 100 181 179 171 130 74 82 98 88 79 66 124 196 138 113 95 57 97 139 102 88 78 35 101 95 112 150 122 84 68 92 72 113 84 14 50 95 92 105 77 48 128 188 122 121 
86 107 145 82 78 119 70 51 26 45 80 102 104 46 54 95 62 113 179 130 71 78 110 139 177 119 56 41 105 153 81 98 129 97 103 132 123 132 169 87 16 100 170 181 180 92 80 122 118 159 129 92 102 54 31 58 36 59 91 120 101 114 114 20 91 154 122 113 134 172 132 87 87 109 166 178 114 91 82 91 80 29 36 92 116 92 80 87 157 174 111 93 143 183 162 101 89 68 21 93 
138 152 156 142 99 36 86 148 87 19 59 155 145 120 89 94 130 67 37 45 44 59 130 151 78 103 95 45 80 135 152 86 96 90 110 142 122 126 128 175 132 50 98 174 99 23 41 100 101 97 118 78 58 60 64 67 67 55 116 147 98 95 94 85 73 108 91 102 105 94 83 21 42 97 143 168 187 119 71 96 62 23 101 141 125 115 60 42 58 34 97 175 144 125 116 82 49 92 111 46 
52 109 165 140 71 95 167 151 79 21 35 64 115 172 174 87 88 130 148 188 156 101 112 174 171 148 142 110 136 98 11 86 126 53 94 158 98 112 159 78 21 29 55 46 66 151 178 139 59 65 61 9 38 118 137 155 183 105 98 142 80 78 152 128 130 175 131 48 90 165 136 73 77 116 63 88 176 122 98 175 133 85 63 44 69 52 104 170 132 141 153 101 50 86 147 91 110 119 97 124 
126 85 33 59 119 141 149 166 137 150 198 181 176 183 131 96 59 4 3 35 64 77 78 115 85 54 112 104 130 91 38 62 32 101 101 38 39 30 36 82 156 114 117 159 111 86 83 135 171 152 173 159 82 114 131 117 139 71 77 122 126 118 113 88 109 181 185 141 84 40 89 135 70 103 118 60 38 89 147 159 173 160 129 107 118 137 112 112 107 123 121 114 90 19 31 58 141 172 122 138 
64 104 86 46 130 124 91 112 53 67 68 64 103 142 112 39 58 66 79 145 120 64 132 129 62 38 29 106 180 186 137 140 129 116 139 85 75 71 72 120 87 37 76 86 120 105 72 105 97 73 96 88 117 101 29 44 80 132 166 114 76 105 80 126 144 117 113 96 87 118 106 43 22 60 150 143 74 99 150 140 164 140 60 76 100 72 93 121 71 91 171 147 138 120 76 73 75 128 121 109 
60 37 28 54 78 72 71 136 99 50 51 104 127 91 111 91 82 135 143 113 159 185 94 43 93 68 51 97 91 109 173 140 54 12 6 22 49 84 70 107 102 64 137 100 76 92 93 112 144 94 100 102 72 97 68 122 136 105 73 83 73 90 112 85 111 145 92 46 104 101 115 167 164 105 69 66 35 85 99 122 121 42 75 57 38 106 73 11 64 103 70 58 80 59 52 125 97 33 92 115 
14 71 76 78 119 83 54 104 99 46 121 154 68 37 123 169 103 107 158 99 48 28 100 175 92 65 137 92 46 48 46 48 76 79 56 63 95 176 188 187 165 102 84 102 128 155 122 52 20 99 161 167 121 109 89 92 111 62 66 77 58 43 53 92 120 54 40 122 131 130 186 137 127 135 123 135 97 73 115 95 112 100 43 90 74 100 84 31 65 112 116 108 152 122 52 44 63 45 32 98 
160 86 34 38 54 135 164 157 148 118 99 125 176 133 50 51 59 94 112 63 101 145 144 80 96 162 85 73 111 150 181 134 68 103 182 138 103 123 86 101 78 36 132 121 33 82 76 51 61 48 51 72 75 30 69 135 146 120 81 130 104 83 142 104 67 87 158 129 117 87 4 51 62 93 158 164 117 80 60 105 100 45 133 155 138 85 85 107 101 155 183 118 60 108 125 133 108 77 111 136 
78 69 43 109 189 142 116 95 91 78 30 64 133 152 132 71 45 39 64 83 70 86 106 101 65 104 163 93 45 103 74 18 20 51 118 111 116 169 156 92 102 100 85 113 127 118 113 128 136 122 46 68 146 141 138 90 70 73 63 144 155 97 83 127 144 72 41 93 91 53 106 139 134 93 84 171 140 87 96 156 125 98 136 158 135 120 142 84 117 148 104 66 79 127 101 72 124 178 116 103 
150 77 101 188 133 50 69 154 184 166 90 24 54 92 115 165 118 100 147 119 101 152 184 88 39 106 124 83 104 87 100 100 94 111 70 45 98 109 58 51 103 130 129 145 112 153 193 167 78 93 162 146 140 140 134 69 67 96 56 51 64 113 152 152 148 148 153 133 92 58 81 87 40 84 82 95 95 33 47 52 121 183 103 66 143 102 41 102 83 90 126 101 79 28 6 28 115 183 108 21 
110 117 143 162 161 144 86 109 112 29 22 55 64 30 35 111 114 60 117 160 164 161 85 105 85 36 80 67 109 172 117 55 123 139 119 135 145 131 69 33 60 117 87 44 101 121 56 93 140 72 57 52 103 168 74 65 159 135 108 171 120 121 188 176 115 53 58 71 89 59 54 124 149 78 82 162 149 152 172 122 96 82 121 181 94 30 75 108 125 124 126 129 61 67 99 42 98 94 82 143 
120 147 172 150 108 90 135 98 30 24 45 131 154 67 90 176 176 152 163 160 91 122 181 170 171 181 149 112 153 169 139 91 85 157 163 163 147 57 61 62 23 64 106 128 123 142 168 146 70 15 17 11 85 153 97 62 60 120 147 53 73 165 138 99 106 85 125 125 97 135 134 69 40 70 107 70 17 34 69 136 163 161 116 112 112 102 100 72 86 68 60 126 153 99 61 32 11 8 91 154 
152 83 69 93 45 44 43 113 163 108 67 44 31 37 86 76 88 71 37 120 178 108 34 41 62 140 175 97 80 89 34 66 73 77 127 158 151 79 60 113 149 91 53 127 152 150 131 119 80 14 23 36 88 97 122 182 196 126 104 167 179 137 101 58 59 56 82 174 164 160 114 74 97 65 86 134 76 104 140 122 164 130 70 83 67 74 111 124 124 147 102 10 73 68 50 69 94 110 71 133 
98 103 119 149 134 126 160 101 93 94 58 65 119 163 161 184 171 107 43 71 129 154 98 101 136 60 75 163 191 139 67 52 89 141 89 108 139 80 135 116 100 79 94 98 22 32 108 120 102 81 80 84 27 101 178 103 29 65 80 42 74 114 110 94 43 29 101 111 34 101 148 64 74 124 110 77 74 127 112 70 64 120 181 117 88 62 9 94 104 69 143 140 60 45 103 153 161 173 173 97 
90 93 91 89 101 120 113 78 78 116 160 153 93 74 48 52 131 118 98 92 123 133 113 124 60 70 143 155 75 12 32 46 28 7 47 69 101 139 96 55 51 35 22 54 134 191 103 11 9 104 144 127 135 82 73 48 91 124 67 63 86 110 90 79 108 129 109 55 18 43 111 115 43 70 123 149 169 129 134 157 90 66 76 125 195 128 58 108 109 117 114 71 72 30 20 42 30 62 60 96 
24 27 40 124 185 146 101 57 28 13 48 61 14 55 104 97 137 163 96 78 77 100 124 64 76 96 117 167 187 114 69 118 152 162 93 68 56 57 66 77 114 75 26 69 165 195 156 92 118 135 66 105 125 137 168 101 65 44 58 62 88 113 119 78 6 17 95 182 121 41 48 37 84 102 32 75 168 169 83 74 117 99 81 88 130 167 96 32 113 118 125 139 126 174 123 75 51 37 31 101 
128 113 55 15 26 45 45 30 79 143 92 71 136 119 82 108 122 65 58 99 115 77 83 165 147 105 66 41 124 100 85 97 95 91 53 141 149 63 107 102 89 180 101 25 40 114 114 62 97 95 62 117 176 131 73 82 96 46 107 142 60 82 88 20 38 42 91 121 92 129 97 60 80 110 94 63 77 67 103 112 100 141 87 78 64 48 147 182 110 102 149 108 132 117 52 116 156 110 136 111 
86 109 99 48 57 67 35 63 115 125 108 76 104 133 132 125 146 120 89 148 167 90 62 93 118 103 65 44 104 139 139 172 96 86 127 96 94 116 64 60 130 91 45 69 51 32 41 39 77 124 142 161 124 107 154 155 92 98 87 74 149 124 41 37 40 78 79 67 124 139 75 100 93 21 105 90 73 93 93 118 77 71 134 175 127 54 24 56 78 123 94 78 125 92 53 93 93 19 54 67 
112 128 157 140 66 74 90 74 102 147 122 95 150 123 108 78 79 109 125 120 37 88 176 146 153 160 160 124 96 139 86 18 20 31 44 90 123 154 106 32 98 94 57 104 79 42 79 147 137 52 45 119 138 93 64 84 127 108 44 94 111 105 85 47 130 162 127 91 129 142 57 23 41 50 83 102 134 111 94 107 48 84 94 98 130 73 52 82 130 133 110 158 171 143 160 99 73 80 16 59 
56 125 166 134 103 38 2 31 58 73 53 28 88 80 49 125 182 181 163 125 66 35 82 100 35 59 66 21 24 19 15 59 104 121 81 79 140 82 56 117 86 21 94 152 151 108 63 52 43 84 117 113 112 68 95 98 39 57 26 70 85 78 83 76 131 140 84 112 112 29 51 122 100 108 117 35 80 137 103 45 17 105 93 7 58 54 63 78 64 85 117 163 176 144 95 138 121 66 69 68 
184 123 55 51 108 105 102 86 103 99 19 93 99 65 105 77 93 138 134 166 156 122 157 185 94 20 110 196 166 134 104 37 16 37 22 66 69 31 40 76 153 176 172 169 133 64 60 138 184 138 110 108 96 100 128 153 138 122 105 56 8 33 127 111 99 125 124 151 134 83 55 130 109 17 9 41 114 104 43 104 162 153 172 130 50 105 148 90 63 86 129 129 144 125 95 86 85 111 141 99 
16 45 41 88 184 120 21 51 135 136 93 45 53 109 123 145 146 136 131 80 69 137 158 152 156 121 48 90 120 41 47 38 48 77 63 43 45 99 163 134 121 130 126 133 124 156 142 124 118 103 126 153 100 68 74 101 128 147 187 131 55 65 127 143 144 147 104 69 86 82 63 39 52 116 140 171 185 173 167 124 68 125 160 115 142 93 97 170 147 126 81 56 122 181 184 160 71 64 61 101 
82 57 23 37 126 187 93 92 99 44 120 138 134 181 173 166 185 116 65 68 83 60 91 144 105 60 59 87 96 64 18 91 130 104 76 44 95 127 73 85 142 120 97 114 162 199 122 30 10 15 89 100 111 145 134 164 94 23 88 82 87 151 87 63 70 42 95 87 59 106 126 135 106 106 153 128 118 92 117 192 162 123 138 84 2 1 52 112 72 53 102 112 86 54 83 72 106 121 69 114 
98 132 96 96 154 114 81 67 97 145 147 126 93 123 179 119 78 134 153 103 50 95 93 109 117 59 49 107 141 102 107 105 85 130 176 89 79 165 129 87 123 136 141 125 100 68 24 89 111 89 81 82 68 49 79 95 109 117 158 142 130 92 53 90 88 41 39 65 75 90 75 124 132 83 114 116 99 114 120 131 93 47 44 84 150 88 53 94 133 110 83 134 110 108 104 115 178 147 67 25 
86 134 167 101 66 121 84 85 148 90 91 124 156 154 109 98 98 121 123 82 118 125 100 138 124 54 94 175 120 65 50 55 33 40 88 92 135 101 97 128 75 117 125 70 83 70 48 47 37 27 12 94 166 167 185 120 110 139 75 51 67 100 156 155 74 85 69 29 69 112 72 66 140 136 81 113 147 118 118 75 73 114 145 97 20 89 141 158 113 33 115 182 108 68 47 74 98 24 29 97 
192 130 101 105 104 91 36 68 78 114 169 130 116 108 129 181 104 50 89 82 102 157 109 25 106 163 107 136 135 44 57 61 49 108 91 32 69 145 106 114 93 101 124 44 86 143 120 74 115 96 50 40 67 113 138 112 50 114 145 82 23 24 58 61 100 89 75 62 30 108 167 174 122 132 168 153 157 112 88 151 121 38 62 141 133 119 161 84 23 23 73 133 139 128 63 29 104 119 121 121 
48 108 109 92 100 34 54 65 104 156 117 148 152 134 134 81 122 162 161 154 131 157 148 86 94 99 36 96 132 79 37 43 138 181 113 74 86 53 24 96 104 119 191 104 76 140 85 54 48 32 108 140 154 183 138 107 108 58 88 150 164 141 134 152 101 62 69 118 90 95 136 67 64 81 67 96 128 155 87 77 90 117 118 19 15 18 30 60 63 41 79 83 114 178 136 61 13 24 89 106 
48 102 161 115 118 110 78 113 60 16 50 98 108 144 151 127 145 112 94 65 57 65 108 108 91 97 127 119 87 103 52 46 57 103 97 81 104 123 96 53 108 103 102 157 154 149 108 100 76 6 50 98 104 145 139 87 115 143 75 60 130 100 37 57 123 107 110 159 144 81 66 131 159 149 153 133 144 98 19 110 185 115 70 126 111 61 113 97 39 72 124 141 152 120 102 102 67 134 110 67 
158 125 65 55 133 165 162 168 79 96 165 107 79 88 71 75 140 99 70 122 80 34 73 154 141 120 157 164 169 91 92 179 152 156 129 60 89 112 143 178 119 60 61 127 135 62 14 82 128 130 179 117 95 144 110 57 76 152 185 140 127 109 45 54 56 17 100 136 66 39 40 66 48 71 144 86 7 70 109 142 127 123 154 64 5 15 79 98 76 69 70 113 110 83 88 114 87 70 134 170 
80 57 58 93 120 74 19 100 173 157 156 166 88 73 138 100 97 154 111 74 52 91 88 73 89 58 42 29 44 92 163 116 106 126 98 123 131 114 111 139 117 63 122 128 48 39 74 85 135 129 96 94 35 94 168 110 103 139 104 117 154 164 170 102 99 106 93 110 108 102 82 51 59 71 42 70 138 130 93 106 121 156 111 111 171 175 136 125 116 47 62 96 74 120 147 89 46 51 104 87 
140 150 144 76 102 145 129 114 104 111 112 105 50 51 44 85 177 121 57 75 66 68 57 93 164 116 134 127 85 136 154 89 28 90 137 162 184 106 104 125 124 114 63 79 87 116 150 107 55 95 104 95 116 121 143 127 71 102 115 87 142 119 133 158 131 159 97 90 149 155 134 76 76 128 165 93 39 57 116 101 69 108 96 66 52 113 173 127 65 111 174 144 111 110 123 151 130 143 185 107 
158 135 131 171 139 50 94 110 58 42 96 167 97 89 81 108 99 87 101 66 85 56 35 34 55 81 100 117 143 157 138 79 109 114 52 77 78 96 101 60 86 78 25 67 116 71 25 49 67 115 113 127 174 84 86 167 156 94 91 96 100 165 172 171 122 59 123 90 72 113 106 86 42 34 103 111 89 150 134 76 26 75 119 116 126 143 141 76 28 12 21 105 166 137 87 101 81 45 59 34 
124 94 73 42 1 59 81 115 129 125 160 128 66 40 81 84 131 174 116 139 147 64 113 159 157 160 115 60 44 108 89 56 60 112 100 23 115 146 72 121 110 70 152 112 97 153 114 64 30 107 199 194 171 169 125 129 181 169 100 101 104 43 100 85 89 83 94 94 102 120 29 70 135 97 52 34 65 75 74 155 156 61 77 98 114 187 183 156 145 175 173 124 123 170 153 78 105 134 54 99 
62 84 54 16 110 189 156 82 28 107 111 12 79 164 171 104 74 148 185 175 101 34 111 137 78 90 107 118 138 100 117 96 41 90 91 66 123 190 160 116 64 31 98 132 91 71 85 62 21 22 32 91 99 70 90 73 88 86 24 84 114 46 99 157 155 161 79 48 52 95 179 144 130 114 53 18 64 130 95 59 51 78 100 79 50 61 131 108 53 33 83 82 79 150 124 72 105 159 168 184 
160 174 123 105 136 149 98 66 154 154 124 128 112 52 75 141 135 94 97 98 104 134 102 145 193 165 80 54 104 130 85 23 44 84 97 63 96 80 98 174 142 109 135 122 98 119 60 84 154 174 169 173 129 41 30 26 41 123 97 32 90 158 167 154 94 64 56 36 66 127 115 53 42 32 67 125 103 83 89 77 143 195 184 154 133 156 135 127 115 58 120 184 152 143 84 93 123 94 147 167 
50 52 28 17 16 60 114 142 123 53 65 83 91 96 135 163 130 121 81 27 92 183 119 44 70 105 90 48 36 75 55 55 141 175 122 45 62 147 171 77 36 46 24 106 182 143 105 88 118 151 94 32 59 111 117 87 93 156 132 62 106 158 89 96 150 137 162 114 100 98 64 50 19 25 103 118 32 70 108 47 26 40 38 90 144 151 132 90 43 33 45 108 172 167 137 112 148 135 99 137 
178 122 123 132 121 97 77 102 85 75 96 67 8 37 72 57 74 94 94 99 57 31 96 140 90 72 75 77 84 66 35 46 128 114 98 174 145 134 130 84 45 4 54 130 157 163 163 177 122 87 156 134 107 145 151 150 159 166 139 123 159 106 111 180 127 107 136 99 84 109 83 70 56 94 141 70 38 116 167 100 49 62 38 35 112 172 105 17 66 85 21 77 141 131 124 77 38 93 134 85 
44 120 177 121 68 55 42 97 104 39 26 49 83 86 48 44 90 99 96 58 52 130 133 137 161 98 104 112 119 171 96 92 115 49 50 40 99 163 87 65 126 173 158 88 77 101 140 128 62 37 52 117 169 119 50 51 101 123 96 46 9 25 52 35 36 128 102 24 113 165 167 105 80 96 34 58 99 96 121 147 134 130 145 163 127 76 102 142 95 97 117 41 75 165 163 113 130 94 73 131 
106 127 124 143 188 183 130 106 104 136 188 178 128 74 112 132 77 25 53 127 100 44 81 162 111 25 29 59 112 101 79 79 116 95 20 57 69 37 103 123 93 64 24 49 80 67 56 47 36 73 117 131 136 112 67 120 185 156 119 70 72 107 132 104 51 89 91 112 145 145 175 193 121 124 157 74 58 88 63 112 186 97 48 99 120 104 49 50 135 155 77 21 21 78 78 79 134 148 157 167 
188 133 50 61 78 83 143 91 70 157 137 85 40 81 177 137 70 44 107 143 60 81 111 68 105 154 76 75 156 157 81 66 71 92 179 177 120 94 82 121 101 104 149 122 127 127 129 95 35 32 130 186 148 115 127 112 64 62 73 121 103 17 41 107 142 131 78 123 182 159 160 125 89 116 148 118 107 113 121 148 82 89 127 48 50 136 108 76 102 53 102 152 71 86 93 27 42 65 89 156 
198 172 107 47 35 62 51 24 94 137 56 26 102 166 105 40 43 79 147 167 161 94 23 88 92 74 99 63 119 157 106 114 146 170 142 75 80 136 94 104 139 99 78 113 104 89 120 145 125 100 82 33 106 85 59 76 104 115 58 63 123 97 78 101 85 83 109 116 53 16 83 100 111 92 78 161 124 106 91 90 102 48 11 19 94 161 159 89 83 101 82 54 97 173 104 65 122 133 100 64 
130 133 168 187 107 40 89 164 163 155 105 82 73 101 150 114 79 100 85 40 100 160 167 107 84 87 52 108 189 186 177 170 159 88 98 171 183 115 103 155 67 44 115 106 90 128 91 94 117 102 135 95 88 165 112 49 117 134 122 70 53 85 60 119 140 109 98 48 22 107 154 136 102 83 119 100 110 74 95 128 64 29 73 76 62 124 118 84 47 52 38 18 94 151 86 84 103 62 65 84 
46 55 77 119 172 147 105 61 58 133 103 78 139 178 184 114 43 105 113 106 143 161 134 49 24 74 162 148 78 69 124 108 32 59 126 175 109 74 113 95 81 57 119 163 66 28 120 144 79 97 100 73 132 94 75 105 50 15 39 133 177 164 170 149 90 49 63 79 126 156 146 132 118 123 129 109 67 70 120 130 61 47 51 113 148 105 140 149 88 92 116 75 55 71 116 105 119 123 118 113 
138 126 148 130 102 90 79 89 131 186 129 73 68 98 101 95 110 141 144 151 192 97 13 91 128 85 137 116 55 135 98 90 168 122 93 144 161 99 87 108 87 81 116 138 124 62 80 127 98 134 117 46 117 145 47 81 97 21 68 156 127 115 86 99 173 91 73 144 174 151 160 161 129 107 126 159 164 117 109 131 60 95 152 107 64 109 85 103 165 140 119 46 59 59 11 63 151 180 134 59 
2 79 160 180 120 38 31 22 99 145 79 93 122 112 68 93 180 168 154 120 46 65 143 102 25 79 118 66 57 69 82 86 97 109 107 93 93 160 164 129 66 15 26 103 188 130 69 47 60 75 53 85 75 34 73 80 39 104 128 68 94 161 95 8 105 123 95 73 2 54 95 135 168 149 145 113 70 46 65 103 100 121 145 117 147 133 99 117 74 56 134 147 128 158 125 99 89 129 135 42 
80 119 147 104 81 96 141 147 78 88 91 113 128 68 85 58 57 71 97 92 87 119 137 130 62 84 149 165 167 133 88 52 47 59 21 13 54 130 126 54 99 105 114 187 137 142 190 194 135 55 43 41 42 49 124 189 140 111 106 144 194 120 25 7 104 195 157 156 154 108 140 129 41 46 57 43 56 114 137 135 126 54 58 64 83 97 56 89 152 171 165 100 76 66 101 183 151 110 143 101 
118 140 106 96 149 153 131 103 114 135 143 119 100 110 137 147 131 130 155 182 154 70 75 104 70 79 84 103 111 118 146 135 132 154 110 127 106 59 104 65 82 84 28 92 148 98 113 174 162 162 167 129 126 153 82 44 71 41 14 53 118 132 158 193 156 121 122 62 15 98 132 116 145 134 157 116 83 128 127 106 52 97 113 103 111 90 83 89 122 86 108 83 37 99 149 169 115 93 112 124 
40 114 172 121 64 46 105 145 141 155 117 54 69 74 99 103 92 107 77 59 74 118 92 42 47 128 98 83 133 53 82 129 83 48 21 32 99 89 100 152 124 95 120 149 167 182 122 54 42 70 79 91 60 78 84 48 58 102 162 123 111 75 62 139 119 128 141 138 170 117 88 126 112 75 121 131 134 105 76 124 159 96 60 130 123 98 114 86 91 95 77 143 158 151 98 66 119 71 72 169 
94 62 39 49 109 134 77 115 98 53 70 115 89 62 68 63 135 139 128 126 102 102 91 113 149 89 106 95 103 158 108 113 69 77 121 80 38 72 142 138 142 113 87 60 77 96 105 161 140 140 143 119 159 178 127 139 126 108 148 120 50 75 90 77 99 88 73 78 137 86 59 78 93 115 68 30 83 167 144 100 57 102 123 58 102 122 73 113 149 112 58 30 22 35 111 129 86 98 94 111 
186 99 73 140 133 124 154 182 169 96 63 49 61 60 59 119 145 159 103 51 45 37 85 89 31 25 91 75 82 159 113 105 135 128 72 23 21 37 71 91 52 23 113 155 75 95 115 58 30 69 149 128 140 174 135 65 95 91 76 116 126 152 85 107 186 109 87 143 142 131 152 141 84 105 82 101 113 63 83 119 160 141 125 80 58 79 89 88 114 86 90 124 109 79 25 109 102 35 63 78 
30 36 80 131 128 145 122 118 145 156 161 126 107 122 122 134 187 151 140 124 38 68 156 112 120 150 124 156 87 66 77 53 58 82 116 151 132 110 101 45 74 108 95 55 41 65 119 150 120 58 13 94 128 68 94 75 94 86 8 44 123 152 107 116 76 24 47 39 108 185 124 32 69 75 57 131 174 142 118 89 30 77 161 142 131 154 130 148 163 120 57 74 98 70 117 168 165 116 80 94 
168 88 4 12 37 108 102 108 101 73 158 125 63 99 80 73 80 78 73 103 118 96 86 49 96 96 39 21 74 75 30 49 50 70 68 119 165 126 96 129 148 153 158 126 134 68 84 129 87 90 94 130 111 87 61 36 80 131 86 90 152 67 7 10 24 44 95 163 114 112 183 107 45 66 101 134 162 130 57 30 71 84 33 56 124 75 100 122 93 157 180 168 91 34 28 21 72 71 57 56 
132 156 131 121 162 174 166 94 73 60 55 132 85 53 75 120 147 81 83 104 98 144 171 130 98 130 89 27 29 27 69 125 98 92 159 136 116 127 120 71 36 30 67 66 38 105 104 112 166 157 87 110 169 109 86 94 54 97 153 166 175 128 88 100 115 89 48 63 133 112 34 66 65 26 120 106 30 87 124 112 101 100 139 107 71 133 110 49 52 97 102 56 99 143 86 72 67 108 165 137 
18 58 90 78 70 84 61 23 25 39 77 106 127 160 132 112 165 142 53 19 65 53 45 137 112 51 64 42 31 110 152 68 47 103 129 118 100 101 108 143 110 77 67 93 137 85 77 148 149 81 116 186 139 49 66 107 95 78 84 78 47 47 97 123 67 44 124 151 120 104 108 104 39 6 23 25 48 91 58 53 53 28 54 83 92 131 119 128 160 127 137 93 38 65 49 49 138 154 73 109 
74 57 79 66 88 112 98 101 88 95 74 72 65 69 143 160 105 92 73 50 72 143 181 118 75 98 59 52 53 40 95 126 133 142 143 78 22 74 62 7 29 43 121 112 45 102 82 59 139 189 172 115 102 64 8 44 81 69 75 106 120 85 118 101 4 29 50 41 38 77 100 123 160 167 174 126 127 93 103 108 29 105 143 97 49 81 102 61 73 93 149 136 75 133 118 45 66 96 149 165 
178 94 97 173 97 64 73 43 114 195 109 87 130 153 116 102 126 107 121 139 119 72 129 138 68 118 114 25 83 136 135 116 80 117 80 39 114 159 167 155 140 151 94 50 49 26 109 116 79 112 133 85 79 118 54 18 41 109 169 107 89 163 176 91 103 176 145 94 32 15 98 187 157 80 117 172 154 127 51 8 105 166 133 81 109 97 64 71 72 118 100 89 90 65 110 147 134 106 96 82 
108 97 115 148 138 63 42 140 156 103 92 105 111 101 132 103 116 161 144 125 46 21 58 46 94 168 163 100 61 51 77 166 180 121 135 147 113 104 135 167 94 81 76 96 82 67 138 168 155 84 72 106 103 59 22 61 96 79 74 65 115 144 111 101 120 154 121 106 115 117 74 79 83 74 82 45 112 180 196 103 19 38 36 100 101 59 62 62 49 92 147 94 108 162 98 106 164 126 94 96 
108 141 169 145 153 176 89 26 86 138 144 93 113 170 151 143 80 96 168 152 80 25 62 53 13 17 51 114 141 155 175 176 103 89 129 65 13 33 102 94 43 22 83 102 72 112 157 111 57 77 108 93 68 107 80 117 153 131 114 120 166 107 44 56 69 122 166 90 54 93 117 118 103 60 98 167 87 77 99 49 46 117 139 88 115 166 174 133 124 104 56 115 91 12 38 89 96 122 134 60 
164 114 127 163 103 51 76 116 97 83 67 47 112 148 143 180 132 37 87 185 193 121 52 72 88 131 140 52 97 125 87 61 31 79 144 191 121 47 50 125 136 104 164 173 166 175 175 134 134 146 96 82 87 98 120 148 152 156 114 47 26 22 114 116 103 112 90 118 112 100 106 132 130 123 105 89 71 38 107 161 164 122 32 36 65 86 119 124 99 57 46 49 48 79 84 60 68 61 81 132 
90 83 50 19 59 84 97 135 77 44 126 104 37 68 117 126 113 78 67 137 126 53 35 113 161 105 68 38 77 119 127 130 75 86 86 109 151 136 90 25 91 183 105 30 44 41 83 79 27 104 129 36 80 136 121 74 67 130 128 111 77 99 129 91 58 78 105 104 73 44 89 80 103 150 130 120 133 84 26 86 74 99 152 126 104 133 192 114 102 121 123 134 50 15 57 52 90 130 99 135 
200 125 45 36 108 105 64 145 189 98 94 112 63 115 144 75 89 102 73 92 126 185 157 90 60 105 143 102 109 89 62 71 67 66 39 21 13 52 138 141 106 151 182 111 103 179 97 39 64 51 100 142 72 21 45 98 163 152 57 98 177 165 118 67 67 106 137 100 90 134 159 173 118 98 98 34 25 52 79 86 138 162 158 159 122 141 186 123 30 53 78 111 90 98 117 117 155 85 46 116 
194 119 43 41 120 174 99 98 106 117 157 134 126 150 166 154 133 76 92 150 157 163 106 35 86 109 70 39 79 137 140 105 87 141 145 122 73 113 152 105 66 70 97 46 8 105 142 122 108 32 77 95 103 102 77 138 177 162 74 94 140 98 113 121 106 68 27 83 162 100 38 82 102 146 156 67 7 82 163 140 93 125 175 184 116 42 36 32 39 98 84 23 44 122 179 132 142 171 155 134 
12 8 74 169 115 76 157 106 59 138 135 80 58 35 37 36 33 120 108 84 108 134 140 109 137 128 124 148 105 79 54 40 93 90 87 100 78 107 145 104 115 78 24 89 128 134 76 48 118 129 83 103 77 92 186 148 55 77 118 58 16 19 46 91 116 70 78 81 24 80 118 68 101 141 138 160 116 124 114 76 94 125 172 101 75 113 151 188 133 55 92 153 145 160 160 73 102 136 78 117 
130 132 93 104 139 64 97 115 100 98 35 109 156 69 64 99 73 126 191 174 124 49 36 119 109 88 91 88 109 135 187 191 150 59 11 68 116 129 129 137 175 142 68 86 85 28 18 104 103 94 168 151 102 134 107 37 111 128 83 103 94 52 66 68 122 165 109 119 112 97 100 39 17 42 95 129 120 146 117 47 80 74 83 131 98 65 111 105 71 105 62 22 55 59 108 150 128 168 130 40 
14 39 50 82 123 153 162 163 177 150 155 145 68 80 143 137 88 71 65 69 135 165 131 143 157 132 129 123 141 92 19 80 99 74 79 120 101 51 109 88 91 150 116 60 51 103 79 35 45 29 64 138 99 70 133 135 139 139 64 5 102 112 100 174 177 123 70 48 45 57 41 66 125 99 29 8 25 79 67 86 94 64 56 36 78 118 127 158 152 136 122 113 102 88 62 68 118 138 166 101 
192 103 31 51 104 175 183 136 149 198 174 74 3 45 62 65 115 140 74 19 37 99 168 116 25 15 84 105 103 123 97 129 139 73 27 39 89 95 103 89 90 133 105 117 89 50 93 122 86 24 35 120 123 109 122 107 94 53 32 82 74 28 50 29 70 139 91 38 107 158 107 112 139 80 70 109 154 173 171 96 101 142 88 103 109 66 39 82 153 189 187 153 68 35 87 121 133 91 68 110 
66 50 70 73 49 83 91 56 64 109 118 124 129 148 95 105 177 101 72 141 137 73 54 92 115 60 52 138 128 112 111 85 67 35 110 187 172 128 64 66 117 124 77 78 67 31 61 96 146 166 90 102 108 79 121 135 97 108 107 18 82 84 67 94 133 138 102 98 90 97 88 112 78 80 74 42 84 107 97 59 56 86 76 36 92 138 139 96 75 161 174 141 116 87 76 44 90 171 183 130 
42 102 117 78 87 105 151 102 110 186 154 137 117 79 42 80 148 170 164 145 89 89 170 178 115 84 130 89 82 113 128 96 40 104 135 136 88 87 164 92 24 112 139 117 154 96 62 116 91 75 52 33 102 143 147 171 187 120 25 91 154 72 87 153 97 92 109 105 134 75 55 134 92 10 36 109 134 75 49 104 112 54 60 57 26 70 70 18 73 125 75 112 147 150 114 68 144 126 46 22 
90 124 129 72 24 38 55 80 128 150 134 59 96 187 148 121 131 89 48 73 114 63 30 106 94 49 59 66 106 163 115 31 90 94 70 63 55 97 81 63 134 196 148 99 111 113 87 81 125 101 77 155 141 134 106 103 183 106 75 152 118 94 119 124 76 73 126 108 130 166 111 81 69 80 121 146 127 90 151 110 64 114 124 152 108 27 87 168 103 92 133 98 46 44 60 63 139 132 71 70 
28 85 162 142 143 163 89 53 127 95 57 133 107 41 57 122 118 46 72 136 117 52 96 177 160 75 101 178 101 57 41 42 98 144 132 124 136 106 114 99 115 186 100 73 139 88 92 93 85 64 64 154 103 38 82 144 127 117 174 142 103 124 113 88 48 32 36 70 115 147 142 69 58 55 64 105 130 115 110 88 45 95 92 36 37 48 32 79 144 153 84 91 156 85 33 90 119 49 22 39 
108 129 168 97 21 58 46 63 99 138 157 144 155 85 45 86 145 170 131 73 40 39 25 84 176 156 99 65 38 67 135 114 46 88 171 191 160 86 51 119 107 26 102 164 151 164 113 37 85 122 52 16 11 38 90 119 130 68 89 150 109 47 65 133 135 143 158 118 123 97 15 52 96 90 93 150 135 87 115 115 117 146 170 156 166 161 145 107 124 117 25 9 62 88 116 100 59 53 42 132 
152 124 63 47 77 82 87 71 32 17 40 123 148 72 98 113 39 75 97 40 24 99 164 180 145 59 66 122 161 164 88 31 37 88 103 80 50 46 133 156 91 79 53 47 45 35 59 101 97 28 58 141 185 179 170 114 42 37 108 182 168 82 36 92 130 136 163 128 39 72 134 138 77 101 193 119 49 29 25 112 124 72 68 65 56 61 100 102 67 105 164 180 154 80 86 114 85 64 48 88 
102 145 167 107 83 71 47 34 20 44 49 79 157 192 138 57 36 88 110 111 162 160 71 26 95 102 50 105 93 42 121 91 19 89 94 26 24 88 160 100 95 154 149 105 125 159 152 143 126 91 100 164 95 106 109 69 62 55 56 102 140 124 89 59 56 56 83 108 91 119 123 82 122 153 103 88 80 9 67 131 163 119 69 137 186 153 147 115 123 124 62 52 57 98 143 88 45 140 183 165 
196 169 162 152 96 55 48 124 99 59 99 70 92 69 6 19 102 126 139 108 90 137 85 61 120 142 95 66 35 52 58 32 51 72 117 97 53 66 111 109 47 106 105 34 41 117 113 68 109 146 169 104 75 143 127 112 164 167 146 124 56 56 108 119 98 117 103 101 123 109 155 117 118 158 159 142 101 136 177 139 120 73 46 113 126 127 104 71 102 117 129 162 162 102 82 96 109 145 160 131 
72 52 35 97 110 68 92 86 53 52 117 142 143 151 90 102 166 129 121 93 106 158 134 118 95 147 124 97 149 121 88 78 77 71 50 61 114 109 79 108 123 68 38 66 78 138 186 104 86 144 71 55 91 124 119 130 170 121 87 132 114 42 75 134 116 132 128 123 131 115 156 171 122 74 105 133 125 99 59 49 131 165 158 145 84 92 92 89 74 59 56 39 56 99 123 68 29 58 93 47 
142 112 69 122 147 151 108 13 96 128 45 96 104 20 75 106 133 107 45 98 106 89 61 41 30 66 105 125 130 68 47 39 49 112 155 149 98 54 55 93 78 43 104 142 139 118 102 79 95 124 113 130 103 127 145 156 119 84 67 41 80 141 193 177 134 121 120 78 44 76 128 138 104 108 168 153 127 164 147 132 177 154 60 51 107 123 138 170 122 66 73 41 48 57 86 130 100 46 86 106 
8 39 134 185 186 173 141 106 57 27 75 84 34 72 67 14 10 13 13 12 22 19 70 129 99 77 49 70 116 75 36 70 148 112 40 52 31 97 100 46 69 87 130 113 52 106 103 42 132 104 106 107 8 68 123 92 120 149 110 135 132 95 107 147 181 100 59 99 55 70 140 107 127 165 76 104 189 94 18 95 153 98 118 191 107 82 107 115 88 38 75 89 120 88 25 51 130 111 103 168 
160 175 183 142 66 83 170 128 81 140 143 131 160 148 142 98 52 66 77 139 136 76 107 80 42 122 103 14 4 27 56 114 141 95 121 116 111 122 53 22 20 50 127 89 9 98 170 145 159 102 69 71 73 97 112 153 118 44 68 118 149 197 147 73 114 148 64 53 76 56 55 56 80 97 86 125 181 168 135 145 118 116 122 133 134 138 99 77 152 103 45 24 100 152 103 66 94 87 109 141 
76 57 90 102 105 109 106 146 141 92 77 67 31 56 61 39 56 98 117 108 151 111 38 73 104 105 84 96 62 37 39 56 90 111 131 121 81 21 59 154 99 45 118 137 67 13 84 81 90 165 118 81 53 13 62 96 90 74 64 134 168 132 152 153 65 9 66 70 62 76 119 197 170 85 51 57 42 75 146 138 108 80 99 102 50 73 74 104 145 77 102 176 139 120 102 55 110 150 83 43 
46 90 102 87 150 109 35 120 123 39 101 134 144 198 99 30 83 144 180 156 98 97 73 61 114 131 148 173 138 103 161 126 122 122 82 79 98 172 107 50 100 147 139 104 127 148 160 154 88 85 81 73 83 34 56 84 64 48 46 82 140 134 58 105 128 98 165 137 124 160 165 94 87 176 145 141 127 127 164 169 123 43 69 78 117 138 141 117 85 81 100 115 71 122 114 58 35 107 112 23 
20 96 137 101 135 146 77 57 73 103 97 67 108 102 108 119 123 117 92 77 125 156 111 85 126 111 44 84 80 80 117 73 24 35 37 94 84 45 110 110 134 148 88 118 149 160 118 37 71 99 44 47 78 114 81 89 89 33 61 125 189 186 113 81 89 66 68 91 89 61 90 137 172 184 167 122 96 63 47 48 19 61 109 54 94 105 44 50 113 171 129 104 112 80 67 136 188 152 87 79 
176 149 125 104 56 108 105 78 156 97 80 150 85 97 107 75 58 83 162 133 116 121 114 84 91 124 145 157 168 118 111 186 101 68 116 72 37 51 80 60 24 83 164 146 78 47 49 86 148 163 98 39 106 131 55 41 37 68 83 110 104 36 117 136 38 91 116 119 117 75 94 133 109 102 112 101 151 89 47 76 107 76 103 132 135 124 36 20 82 142 80 69 134 98 63 110 160 143 70 36 
192 163 80 75 94 102 149 117 56 72 114 71 72 105 54 103 95 96 128 79 137 149 62 80 120 100 87 54 110 116 65 115 164 113 86 134 116 81 57 51 91 80 90 100 47 90 88 92 155 96 39 52 118 94 82 82 44 55 92 131 61 72 103 58 73 88 135 112 76 116 108 71 55 102 103 67 129 196 117 81 140 157 117 80 69 49 98 87 28 27 101 137 77 56 69 44 76 157 161 152 
138 69 1 75 89 86 170 125 120 171 79 43 58 34 104 123 123 144 108 100 128 84 8 14 33 87 131 78 71 132 131 92 101 81 35 34 78 74 47 131 104 99 127 81 84 72 128 183 111 58 72 113 119 77 36 85 151 101 86 102 92 132 183 142 80 84 85 113 122 53 81 173 133 101 133 124 115 108 80 31 9 102 121 86 150 187 168 86 76 122 102 54 21 77 80 61 55 39 80 70 
142 142 72 29 74 82 121 164 178 106 47 108 94 76 125 87 83 131 80 31 91 155 167 162 100 42 95 128 54 15 22 115 172 109 128 189 181 139 93 41 59 99 94 93 73 31 91 102 24 112 192 170 131 106 80 45 97 83 37 54 25 57 104 73 97 113 95 153 169 132 105 104 65 89 164 180 168 165 138 50 12 104 111 22 63 131 83 6 37 82 122 166 112 69 85 66 118 145 107 96 
