294 69
177 78
379 98
184 45
74 33
315 81
397 26
247 55
217 13
375 22
373 66
359 86
419 85
276 68
272 76
119 58
107 25
255 96
162 99
45 32
140 89
275 84
196 83
492 26
379 14
485 28
241 3
330 25
353 10
437 37
73 16
19 93
373 64
68 76
336 89
449 81
40 99
125 11
44 3
312 24
411 16
235 70
161 35
286 30
464 39
44 48
34 31
2 31
15 -1
467 54
5 70
93 4
170 13
28 6
162 73
134 84
114 75
259 100
49 18
281 21
32 69
380 93
19 69
342 8
381 66
100 4
215 34
269 73
298 2
211 51
126 96
460 35
205 60
395 38
177 73
65 12
88 27
261 85
299 58
209 37
