427 90
26 1
337 45
454 74
291 77
327 63
323 51
460 4
415 14
211 70
265 84
118 70
118 17
492 88
454 72
441 54
343 98
372 52
413 15
57 39
207 68
292 25
66 37
211 76
239 77
320 21
149 59
193 90
332 54
214 98
406 4
10 47
52 92
130 15
178 100
346 29
170 43
199 63
272 9
105 72
267 67
168 18
453 62
366 94
225 36
208 25
489 4
473 5
176 45
19 19
347 41
85 31
58 94
185 64
443 62
417 72
77 -1
11 15
43 78
237 32
164 72
59 41
230 73
424 19
454 46
279 54
180 15
337 72
212 18
129 14
402 12
84 24
389 9
324 100
480 49
354 70
425 59
258 39
399 85
