242 9
31 39
290 26
99 18
209 57
475 90
274 80
92 99
2 50
134 91
321 -1
252 75
347 76
46 10
272 20
421 56
389 5
307 6
432 73
390 67
56 7
70 81
322 2
51 39
41 92
61 23
142 16
282 70
210 92
196 31
266 45
479 51
119 35
393 -1
320 89
230 60
230 62
376 8
155 69
100 90
374 99
337 81
79 2
357 67
224 3
81 13
414 89
372 58
285 66
435 70
354 53
403 29
467 40
278 100
131 10
445 44
222 25
327 22
26 25
370 96
274 15
114 49
115 43
193 96
471 59
295 48
189 94
164 58
13 40
100 90
51 25
370 84
289 42
15 75
315 46
195 8
103 89
283 31
3 93
285 2
427 19
91 60
438 10
378 61
479 18
16 43
45 5
244 75
384 62
342 70
328 92
315 28
237 42
210 70
