40 84
378 44
454 64
215 24
105 49
57 57
419 11
496 65
268 23
433 44
384 88
16 47
395 4
401 29
394 54
350 9
221 92
205 59
176 5
55 37
193 28
255 41
286 43
156 71
479 34
37 83
88 25
123 -1
262 42
102 56
76 83
306 69
151 34
431 20
251 3
347 86
238 52
118 62
457 66
383 15
26 78
421 18
96 84
247 8
84 51
29 10
159 14
66 45
352 23
165 77
492 68
343 45
298 99
357 9
335 12
405 29
65 64
7 69
63 81
306 84
268 23
177 43
302 37
172 83
164 18
112 19
276 78
204 96
42 86
218 79
394 80
400 86
399 1
172 77
19 16
296 53
12 55
177 25
245 29
268 49
303 52
354 39
5 7
