408 2
258 43
414 10
439 55
110 38
286 5
429 53
59 90
171 86
234 96
431 34
168 98
251 44
53 73
183 24
74 69
368 58
110 13
473 17
387 22
40 38
263 32
443 -1
209 3
443 21
322 28
129 99
392 6
230 38
269 13
432 80
357 63
243 75
138 21
131 33
382 63
294 24
454 83
363 97
303 14
82 48
491 29
34 24
369 73
327 23
313 65
435 72
207 49
341 5
342 18
493 43
195 64
428 17
37 29
158 69
356 23
18 16
117 71
271 100
21 8
382 95
29 19
430 69
304 57
11 32
138 -1
475 40
314 84
258 49
102 53
73 57
186 32
458 29
328 37
450 35
127 3
107 81
352 81
74 36
242 48
487 63
271 77
471 84
