417 92
225 64
219 5
414 23
217 5
296 77
222 58
123 22
393 39
404 95
214 64
3 66
423 26
166 69
423 89
134 50
412 19
276 100
313 70
430 58
203 98
428 97
77 67
365 39
230 83
467 57
124 57
409 76
1 29
113 61
324 44
420 22
184 27
182 99
361 34
473 45
358 54
43 76
432 33
368 26
53 38
460 96
351 79
312 13
243 71
274 60
51 2
367 26
337 31
48 8
161 33
287 87
105 37
275 18
400 15
120 68
73 67
361 28
362 9
400 81
83 12
120 89
252 74
16 99
165 14
302 7
371 -1
408 80
361 53
448 67
341 4
310 59
220 35
6 16
445 32
153 32
31 -1
481 91
484 20
196 15
356 1
44 -1
222 92
118 71
204 50
480 19
196 99
285 49
207 22
32 53
96 87
458 71
282 13
