231 76
397 15
497 50
223 60
433 98
259 35
451 66
92 52
181 84
409 93
476 27
219 12
405 27
139 95
376 59
384 3
39 4
190 83
230 4
491 60
6 17
179 18
409 25
95 72
423 10
309 87
465 96
354 59
327 89
429 39
23 5
355 20
80 32
219 87
226 44
461 35
471 48
390 39
109 41
181 -1
376 84
348 3
272 77
350 72
306 91
294 88
391 28
442 27
181 47
281 6
326 98
266 13
434 69
493 27
350 93
377 99
468 2
52 91
33 72
147 77
288 72
20 56
16 60
273 48
70 15
99 3
29 40
124 77
429 23
230 16
35 75
437 16
305 23
395 5
40 74
441 29
435 95
326 70
227 76
398 65
44 44
271 9
187 91
340 35
390 15
360 88
210 29
41 80
79 22
2 81
360 99
87 78
261 92
7 19
498 92
382 3
115 41
381 49
171 63
500 84
