224 26
470 45
254 5
77 65
251 19
355 73
399 32
166 42
10 73
220 68
107 38
437 77
304 33
16 76
123 91
111 16
147 33
168 11
149 83
29 11
382 96
417 2
367 32
123 37
2 100
155 35
370 80
415 2
50 39
372 62
150 53
399 59
83 72
296 2
300 67
304 95
9 13
199 84
138 54
221 57
395 17
110 71
436 99
151 97
457 100
418 17
63 12
364 7
327 75
302 45
443 31
301 66
438 60
188 81
448 75
12 26
267 83
29 36
292 95
464 71
77 5
360 7
97 21
8 46
102 41
465 53
304 88
497 43
60 76
406 45
444 24
309 50
122 18
212 52
137 68
95 85
458 62
481 -1
183 81
310 42
99 89
12 97
333 38
363 100
446 80
395 72
395 2
