246 35
363 42
141 77
174 95
470 47
148 79
500 97
451 83
128 6
463 84
63 47
267 20
53 54
2 75
110 11
62 77
202 88
230 63
475 4
326 21
488 74
361 43
454 5
240 71
446 69
294 25
225 98
113 27
404 7
28 23
336 81
197 73
359 40
349 36
155 40
155 58
465 6
228 23
463 99
103 29
322 8
250 67
139 47
259 46
242 17
439 73
32 84
30 77
201 6
414 22
218 2
288 80
371 73
282 74
77 11
315 64
340 100
500 99
214 87
389 62
151 2
17 25
232 77
14 58
427 64
312 34
382 20
150 95
267 37
129 12
177 35
252 32
277 49
200 85
98 16
104 54
180 34
449 89
309 91
390 51
126 28
157 36
48 31
155 58
356 45
