55 65
438 90
119 28
235 11
417 97
130 18
429 21
430 24
193 29
21 44
157 55
376 95
395 7
202 33
244 47
199 4
99 23
308 82
108 79
432 15
285 47
266 36
178 83
448 73
471 77
53 73
56 89
242 40
153 64
352 34
151 85
71 48
391 31
426 82
145 1
58 82
59 14
247 83
75 54
245 58
239 41
458 99
37 81
470 12
423 18
378 76
55 36
416 28
95 10
423 50
363 53
285 76
175 48
281 91
12 97
331 25
367 11
352 24
162 32
413 31
396 77
333 71
55 43
208 55
116 79
270 9
252 46
326 100
436 39
473 98
159 8
7 27
270 85
272 80
45 11
405 59
293 37
140 63
121 6
143 11
418 40
459 31
143 14
72 47
