465 23
324 65
98 49
445 85
253 90
325 13
355 88
169 33
120 25
293 10
419 97
309 86
102 89
401 81
337 81
71 35
15 4
220 37
163 70
388 26
168 28
486 58
378 76
251 10
225 34
431 98
88 100
388 18
221 21
62 18
417 20
469 29
473 57
312 58
35 56
48 23
38 87
84 37
366 14
189 69
319 10
195 93
477 92
264 30
383 83
3 65
246 25
83 82
442 16
326 60
179 35
5 6
77 23
119 3
439 33
325 4
373 34
449 12
480 14
206 69
396 31
250 59
31 17
90 100
224 9
250 84
281 57
127 33
365 21
264 22
328 65
149 82
146 49
471 30
345 69
249 80
324 9
88 81
76 40
121 12
140 67
112 24
486 3
3 60
442 75
216 31
435 3
249 61
386 11
353 96
277 40
492 90
13 99
443 38
462 17
458 33
147 52
157 51
235 86
284 8
