92 52
499 71
340 9
327 100
93 77
331 62
471 47
199 52
334 19
234 99
7 50
269 93
431 66
332 55
260 -1
183 75
386 52
143 87
375 40
86 60
230 25
435 4
235 5
252 4
93 22
133 96
482 -1
66 93
91 24
266 74
261 73
153 24
269 50
492 41
284 53
388 96
80 10
264 71
153 63
425 73
284 12
337 44
406 14
469 51
487 72
442 81
61 19
273 10
319 74
384 7
494 40
377 88
35 37
58 85
129 21
431 31
144 8
156 36
242 3
300 90
154 4
19 51
12 66
276 40
409 66
447 97
40 65
209 87
497 60
339 6
385 86
419 42
436 39
63 60
221 30
32 52
226 24
57 96
244 87
482 28
69 16
492 69
407 69
433 28
10 88
240 95
394 78
422 63
260 82
187 12
429 4
223 47
280 66
153 77
60 91
189 65
495 52
111 66
335 64
