169 1
427 94
378 8
413 71
463 56
249 43
44 -1
486 68
252 -1
246 80
316 39
478 5
135 90
253 26
57 -1
10 45
189 76
60 83
236 5
206 94
72 71
66 56
420 95
172 11
392 2
395 38
109 53
94 31
430 72
265 69
251 61
207 69
345 74
320 91
484 78
204 37
88 78
460 13
198 46
306 23
8 83
454 86
494 52
87 41
85 25
83 21
372 52
230 12
16 82
199 30
258 75
38 52
58 82
130 69
110 3
347 20
203 30
474 83
9 9
190 66
235 44
281 51
402 100
326 68
25 2
480 84
396 74
302 17
500 99
193 72
64 47
342 13
494 92
361 100
314 49
194 7
176 53
200 19
198 21
379 99
251 24
350 51
