93 51
367 76
412 50
46 26
167 63
423 4
135 29
255 49
174 57
226 55
73 64
331 29
230 63
38 29
286 83
17 87
342 88
56 94
466 68
395 57
158 88
109 46
277 8
408 30
35 35
319 37
59 81
492 45
120 52
372 31
384 10
294 74
476 49
175 47
66 34
203 89
403 94
118 100
155 53
13 51
415 72
56 12
339 -1
304 84
107 21
448 14
221 15
337 53
100 26
412 95
267 80
372 12
414 87
18 61
95 35
325 39
191 82
121 51
69 25
84 4
385 82
174 53
334 27
243 9
231 31
418 81
244 92
208 52
485 63
299 91
491 98
175 38
203 54
372 41
366 75
68 19
114 82
408 66
206 90
353 29
457 7
320 68
453 17
258 65
262 3
325 62
222 7
351 90
111 41
276 76
240 67
25 19
266 6
377 95
171 86
471 34
453 80
