322 94
444 75
4 85
331 10
302 93
51 25
372 27
372 70
350 71
115 89
342 15
6 21
144 28
30 90
323 18
229 65
103 90
493 39
202 76
52 52
41 29
346 56
396 60
45 14
172 2
319 42
255 51
291 7
263 31
141 27
461 24
20 20
245 92
387 81
155 42
305 66
292 30
275 22
291 19
303 60
440 95
495 55
223 75
288 57
252 65
35 69
63 44
127 14
252 37
401 92
423 78
382 14
235 94
113 59
33 74
237 55
161 33
112 89
30 34
424 18
398 51
210 39
295 30
69 3
321 29
472 65
475 21
22 85
311 59
143 7
289 11
410 46
130 39
36 17
313 69
202 39
34 15
85 61
224 64
79 78
232 86
494 52
385 54
288 87
61 16
108 86
273 29
443 99
79 8
322 47
333 29
