51 16
443 49
112 83
99 87
350 82
358 41
469 12
155 42
356 73
278 89
116 21
53 29
309 93
139 39
25 2
61 25
273 35
245 68
345 33
246 61
361 81
108 31
363 6
460 63
196 75
11 91
470 88
491 82
303 96
182 90
424 57
467 33
298 45
313 63
44 14
61 98
272 26
270 33
31 47
280 50
18 13
382 98
482 3
402 56
136 66
228 59
358 7
78 -1
137 44
206 3
388 45
278 71
449 88
197 80
72 76
444 62
55 94
429 6
158 91
270 89
204 64
251 27
332 63
207 80
218 12
117 49
51 38
11 31
285 19
346 43
291 38
286 32
117 64
211 41
193 83
355 15
432 11
240 93
318 61
258 44
114 38
66 80
70 37
239 84
133 11
435 10
388 5
162 56
354 33
67 84
486 85
432 34
458 65
387 12
299 32
99 70
314 43
374 4
