230 -1
311 91
158 99
334 38
480 54
403 17
342 52
210 96
205 15
289 54
43 94
316 45
102 82
159 48
467 12
261 -1
340 14
242 69
235 63
255 91
283 -1
43 25
316 58
458 27
395 18
140 60
469 35
272 35
193 70
491 78
75 42
416 90
349 54
58 10
251 90
491 1
164 20
364 74
163 56
477 44
277 2
173 74
151 88
372 60
142 12
317 27
197 44
2 56
139 26
152 61
219 22
221 43
43 7
286 56
104 67
326 26
188 18
274 50
94 72
2 40
335 90
431 36
132 36
232 28
248 12
223 6
161 62
492 93
317 75
499 84
12 19
383 18
231 79
94 76
55 40
390 26
389 72
421 95
293 60
473 44
418 13
207 36
334 23
354 18
172 99
75 47
12 14
330 83
422 5
6 84
416 9
281 67
165 100
442 28
385 87
184 67
39 79
154 100
