487 71
101 29
98 11
99 89
300 64
122 7
244 100
243 27
110 5
373 32
266 48
463 14
378 85
227 41
279 35
8 77
446 14
283 55
113 55
427 10
329 95
438 36
378 93
444 37
144 24
341 47
364 60
500 44
250 96
7 87
279 27
299 62
355 51
143 60
30 93
90 36
126 76
202 37
403 36
248 52
104 22
375 29
171 18
497 85
382 45
352 23
364 7
219 38
376 97
130 73
370 83
38 11
33 77
340 86
53 82
423 95
428 14
435 1
270 2
183 32
352 22
454 23
418 57
398 2
276 84
415 2
444 27
218 1
136 4
105 24
125 4
272 54
31 74
88 10
50 92
87 57
431 -1
51 29
38 87
133 81
137 28
39 87
443 89
