473 89
57 82
228 22
31 90
304 34
254 12
13 61
79 56
350 54
133 39
131 65
453 60
225 67
112 69
275 19
8 71
270 61
323 15
333 17
52 10
236 49
203 54
334 10
183 97
107 18
428 57
42 1
404 26
237 51
115 60
493 81
480 59
333 100
357 90
220 47
303 26
14 11
170 31
120 46
184 23
151 81
445 4
323 84
3 62
376 76
260 62
338 76
498 16
454 32
448 23
310 59
352 35
218 58
194 69
353 20
500 14
302 80
264 13
308 54
489 2
355 73
163 74
25 60
472 81
447 54
13 33
252 68
259 41
433 37
434 62
142 17
200 27
392 6
210 56
137 3
254 46
96 31
266 42
331 45
310 30
186 99
422 29
202 75
233 62
92 29
329 36
266 39
56 65
68 85
64 61
