192 26
282 78
355 91
238 27
132 33
253 98
331 14
41 52
96 51
392 74
367 63
284 16
237 69
21 41
46 80
43 71
423 72
330 8
484 39
468 28
358 12
52 9
414 83
52 31
410 29
476 84
172 60
109 91
456 83
282 17
77 54
205 43
166 95
224 21
465 95
18 31
109 80
141 86
294 91
305 16
241 22
112 21
247 63
133 16
126 2
470 57
113 37
260 67
381 63
83 24
206 7
290 94
59 85
323 14
119 53
113 43
327 7
478 12
423 74
452 28
191 27
220 46
394 11
200 7
128 31
311 83
372 39
96 96
191 -1
29 77
179 25
405 95
270 83
431 47
262 10
438 46
86 22
477 59
347 36
302 30
460 86
479 69
254 62
52 19
211 92
140 89
130 4
191 7
345 34
240 87
144 25
61 19
