362 26
488 45
195 6
384 83
456 30
390 8
438 87
334 15
62 76
484 62
66 19
88 4
438 27
77 32
305 82
488 64
343 45
81 80
416 95
123 29
206 20
103 92
117 100
366 55
484 76
407 25
282 74
184 51
42 74
363 48
31 61
266 88
377 16
165 9
51 75
42 5
65 70
444 65
328 71
436 18
282 26
321 99
179 2
346 58
169 45
37 67
247 36
422 19
416 57
435 7
160 86
384 36
348 17
251 21
103 80
68 66
301 54
172 91
139 42
75 62
62 44
242 69
480 53
340 63
390 40
434 71
408 1
432 12
183 13
462 100
42 95
260 1
399 70
393 79
382 29
104 8
79 54
373 22
169 37
123 29
431 19
339 12
373 23
342 66
51 43
374 39
188 57
150 93
74 86
256 61
104 90
396 20
261 89
273 40
148 53
305 44
354 37
