414 71
412 73
193 20
158 100
307 17
91 93
259 75
338 46
364 33
206 69
471 33
283 15
403 25
99 100
257 55
440 49
115 87
349 39
329 63
43 60
260 41
247 24
1 24
188 97
248 76
450 28
116 1
131 80
444 95
348 18
286 5
370 18
10 35
446 100
85 69
74 70
16 33
280 96
422 96
65 -1
77 78
462 8
77 6
204 57
85 64
287 79
93 57
405 32
305 19
385 45
26 26
439 88
469 1
189 15
38 15
251 67
145 19
211 7
210 7
323 24
242 90
440 5
339 15
127 48
467 1
390 2
427 22
59 4
230 95
449 82
174 5
304 44
19 6
151 42
73 71
372 18
24 98
284 56
53 76
419 61
454 53
316 57
38 80
333 3
359 54
8 87
359 90
