374 36
173 88
137 67
50 80
479 64
104 95
371 96
233 63
67 9
487 15
201 52
10 23
260 14
414 66
255 32
461 77
421 19
34 59
432 13
7 51
309 39
277 36
324 98
39 8
263 95
126 84
44 11
352 19
275 29
314 73
284 23
395 84
31 21
91 30
460 51
229 13
175 57
406 66
351 28
112 68
269 34
183 4
102 16
9 42
112 77
489 38
407 22
64 75
148 89
93 28
201 60
298 50
361 38
458 41
192 76
61 69
430 4
438 97
193 27
85 77
476 69
242 87
102 45
419 39
210 42
206 1
11 76
86 2
161 68
187 92
473 33
176 74
206 47
384 47
417 80
334 25
13 49
324 4
449 75
234 91
244 43
312 96
448 40
52 38
349 85
148 69
