194 84
251 34
24 38
374 68
460 63
455 10
361 85
297 44
104 64
176 96
182 35
41 75
497 22
374 83
245 58
55 28
260 63
335 11
467 98
338 31
60 77
196 21
44 74
353 12
337 82
443 49
47 52
133 93
438 36
256 30
23 89
6 46
30 35
186 38
467 10
95 75
185 16
492 18
91 97
192 75
202 78
337 75
262 10
195 66
235 32
74 87
162 82
22 48
298 81
357 66
130 14
40 57
247 25
91 34
478 10
274 77
468 42
187 2
88 13
137 79
446 5
42 62
464 75
237 68
44 11
108 88
382 32
464 42
129 52
274 100
197 49
141 80
483 89
423 59
246 40
163 71
402 79
166 -1
321 64
104 84
