79 54
8 50
21 97
195 28
35 16
79 11
195 36
489 96
264 15
345 46
163 65
433 78
375 95
208 11
397 96
129 81
496 5
469 7
414 25
431 15
125 58
466 91
423 10
376 56
297 43
88 60
236 42
443 53
40 16
398 82
472 12
240 25
342 9
311 92
203 13
490 69
448 57
87 27
399 27
146 5
70 46
222 94
186 8
370 69
476 10
122 15
376 47
9 14
98 15
166 45
253 89
80 40
304 100
111 28
479 91
286 23
470 49
271 52
169 46
25 100
4 73
126 60
237 97
240 57
335 48
146 70
184 34
294 72
461 88
155 93
325 17
74 49
485 13
14 23
474 84
401 21
483 14
292 26
153 50
441 43
257 -1
121 3
327 15
317 97
237 37
268 69
17 75
209 86
127 77
473 87
203 85
224 10
454 91
328 73
