145 88
9 53
318 79
50 72
80 35
343 30
219 79
129 70
12 47
473 16
248 70
419 58
62 33
59 70
5 90
440 89
244 48
362 41
386 80
242 75
468 59
429 54
168 22
243 63
149 54
266 17
482 13
121 79
104 85
419 30
327 8
375 32
330 6
364 50
327 11
468 89
119 98
111 55
207 30
321 66
306 6
247 52
429 77
95 13
278 12
495 64
52 91
120 54
75 43
418 66
93 85
437 50
250 80
305 3
301 50
197 36
429 24
392 41
380 14
95 47
101 23
171 17
87 33
474 68
411 25
308 95
98 31
246 33
220 39
21 79
72 97
79 11
257 72
457 34
72 3
373 10
472 85
12 48
50 76
270 38
26 35
330 23
139 58
189 51
183 8
70 81
197 71
7 75
283 46
240 -1
164 3
348 19
408 1
446 14
446 56
161 33
106 71
120 18
122 53
172 89
