195 88
240 94
453 73
271 32
403 56
491 51
46 73
27 97
286 67
13 54
274 81
70 15
80 47
165 94
19 1
290 71
257 89
426 63
199 80
75 73
422 100
437 44
221 59
441 95
36 32
447 36
232 83
252 87
335 23
493 38
161 49
397 68
328 69
497 54
444 46
369 5
479 75
84 28
128 6
271 76
143 96
343 61
210 40
73 6
143 6
84 2
117 49
119 -1
81 2
486 41
166 -1
183 60
476 22
286 49
240 24
252 90
153 42
326 72
102 56
299 11
67 25
414 -1
440 84
111 57
182 46
477 76
273 7
435 50
273 20
358 11
388 48
282 62
324 70
259 100
360 98
425 11
488 19
479 75
444 70
306 83
287 41
429 62
209 77
32 64
352 23
235 94
494 85
328 89
413 12
322 28
1 6
277 73
476 93
435 89
148 59
425 64
140 49
