147 35
480 53
195 24
187 5
123 63
2 53
119 89
33 48
170 12
288 15
393 7
123 80
47 100
258 80
53 50
364 97
427 68
454 27
282 28
173 12
389 88
79 43
253 98
190 24
226 27
402 71
370 84
369 45
43 80
165 4
484 99
468 3
151 53
125 78
11 83
365 65
225 75
170 -1
54 91
244 98
272 26
205 54
143 40
20 69
492 85
321 29
132 95
221 54
134 29
339 19
432 37
366 81
89 80
80 92
403 6
409 45
478 35
314 17
303 44
463 27
109 -1
77 63
253 50
317 49
458 40
217 58
163 85
208 32
186 25
223 36
419 86
340 29
406 68
468 37
392 76
256 41
167 59
489 90
243 53
141 82
91 1
493 41
422 49
32 74
389 22
