320 68
366 44
61 26
64 65
199 94
260 63
416 53
47 9
327 5
246 2
283 12
10 66
390 77
223 10
260 20
213 55
335 57
145 23
109 -1
451 43
459 1
71 90
1 31
86 15
264 93
483 90
12 46
220 44
354 32
27 50
417 27
19 57
265 39
233 88
51 51
239 70
53 61
243 34
182 90
197 69
188 89
483 12
400 73
176 59
116 52
281 88
312 55
365 46
341 80
413 60
194 29
469 85
76 78
81 96
3 18
455 100
302 -1
390 67
73 17
204 70
262 6
220 2
329 48
244 9
317 97
279 44
28 91
128 11
231 68
339 20
262 7
159 85
222 98
114 12
259 61
51 71
130 35
171 68
122 35
167 27
239 87
489 44
245 98
71 93
231 13
291 58
302 2
177 40
346 10
186 86
213 85
39 43
156 77
425 93
245 21
