308 39
359 31
379 52
206 80
427 99
145 68
135 34
306 5
253 99
389 26
308 29
311 63
251 84
338 5
19 73
376 100
113 99
341 70
137 95
292 9
474 99
39 78
184 34
153 13
269 72
17 84
20 80
346 35
397 76
425 21
415 22
273 63
76 52
449 83
300 24
330 91
277 96
168 59
417 61
72 33
200 92
317 2
287 62
349 93
106 68
437 38
94 74
480 85
250 10
388 26
248 5
116 54
195 77
395 32
434 95
303 79
63 60
492 74
167 25
432 60
17 14
388 77
25 65
409 76
272 75
126 4
220 76
425 27
133 79
127 47
443 96
360 47
327 59
43 56
491 84
453 11
376 3
253 16
301 -1
159 56
421 84
175 93
134 39
148 1
28 25
5 62
366 18
202 24
329 28
374 27
241 2
170 58
469 70
395 92
288 82
499 5
271 34
