114 61
97 73
403 29
105 16
31 89
187 61
270 3
239 69
307 22
6 36
211 81
269 24
311 96
327 20
18 96
59 35
78 78
46 89
94 85
416 78
304 54
170 59
240 58
404 76
425 78
212 92
223 81
410 13
193 74
146 35
263 17
442 28
367 55
287 27
344 7
231 28
450 44
147 85
441 95
441 23
46 23
298 71
98 94
249 92
92 19
101 48
255 83
154 98
302 98
354 52
329 59
450 2
340 10
138 40
46 41
388 9
468 6
310 90
360 20
484 84
17 98
139 16
3 74
303 10
437 83
35 17
109 32
467 13
110 49
93 34
298 24
237 58
410 16
2 37
247 47
356 16
460 21
177 22
77 39
257 62
409 16
253 60
86 47
48 5
45 3
48 6
401 87
478 92
200 87
7 31
330 39
205 40
401 46
415 35
22 63
307 15
201 39
