376 27
389 72
315 97
239 63
427 50
434 96
436 94
419 27
323 46
226 40
144 12
96 3
286 42
469 91
447 10
429 14
441 40
463 70
235 16
414 15
140 4
221 18
117 91
69 87
72 89
176 51
176 6
265 66
492 88
284 51
187 38
54 8
326 8
105 76
296 87
332 95
253 99
441 16
130 50
448 23
292 13
70 4
409 95
406 43
392 47
435 72
122 53
34 44
270 89
85 69
42 58
418 55
36 79
57 44
45 39
126 59
411 29
123 99
180 73
318 79
43 3
194 37
321 10
182 84
498 63
218 63
290 40
461 92
184 28
136 43
468 70
205 86
387 100
356 87
201 65
299 11
324 90
41 32
319 62
36 93
87 56
385 69
372 93
88 44
409 11
389 93
281 54
106 75
