229 10
270 65
35 72
117 100
110 40
229 64
274 35
169 50
344 82
395 63
246 13
201 15
337 31
331 78
207 80
484 4
45 13
243 55
40 53
239 21
397 65
117 1
279 92
293 58
415 84
433 98
170 55
427 28
396 4
166 44
282 89
334 29
267 40
6 88
456 46
183 58
145 65
377 92
204 7
138 70
391 71
224 65
470 83
21 65
414 56
102 74
14 77
435 31
227 1
379 87
113 80
191 3
12 47
308 17
304 65
130 84
11 83
289 92
461 32
378 40
351 6
225 34
146 58
71 77
335 54
460 87
276 76
304 32
88 4
62 4
160 38
310 93
408 56
476 75
169 14
497 74
121 75
261 62
33 77
487 77
490 60
39 1
161 43
459 17
335 94
288 92
437 63
390 7
119 35
351 80
