71 58
456 30
343 26
246 7
370 15
318 59
367 72
373 64
315 34
68 54
453 88
457 57
92 22
240 55
29 69
314 1
123 72
451 12
358 92
360 12
221 47
176 88
127 27
247 23
492 37
478 54
77 2
11 8
317 31
253 36
124 2
470 38
122 68
168 38
456 28
50 96
76 33
132 73
494 33
46 5
244 58
221 27
475 19
160 29
460 31
315 21
91 59
467 99
199 44
293 55
293 52
188 35
342 25
329 9
27 30
14 48
281 28
487 53
406 32
395 20
445 32
447 53
413 35
22 93
445 19
381 38
108 21
259 77
316 92
312 20
434 30
448 97
468 43
336 4
313 74
331 100
315 33
81 9
349 31
206 52
33 46
484 75
260 92
348 11
102 22
186 69
119 2
236 58
