421 13
346 40
356 10
356 95
9 41
26 61
16 67
449 53
238 95
170 19
454 14
155 58
238 86
55 92
395 62
144 58
397 78
410 83
281 3
146 92
36 64
217 64
312 24
320 32
40 76
453 -1
230 50
209 33
21 40
494 40
203 1
393 79
243 99
97 97
226 5
175 56
161 66
142 98
426 71
323 90
177 64
294 14
376 46
273 73
307 93
472 19
123 31
350 2
377 97
61 16
500 9
155 23
154 68
303 44
67 45
222 14
81 55
320 20
67 5
6 2
137 21
180 38
2 38
417 40
375 85
38 75
80 38
457 47
95 54
421 53
81 54
399 6
445 27
431 86
478 100
426 63
307 2
183 60
185 12
402 57
336 87
60 12
394 14
49 79
353 91
399 53
86 24
264 30
26 96
275 33
310 33
174 3
18 2
