331 28
2 66
301 84
84 71
370 36
215 53
471 91
379 57
39 15
67 4
375 87
110 39
317 56
94 23
55 20
193 50
358 67
364 59
438 61
157 68
76 16
406 71
71 84
340 90
282 47
76 76
383 27
147 50
212 16
431 90
451 78
297 74
43 75
451 55
234 91
186 3
499 40
92 70
467 14
413 53
108 49
241 77
323 41
117 94
57 82
96 20
399 84
283 43
157 93
434 13
104 40
462 31
438 83
106 6
97 9
83 78
220 70
195 1
423 5
53 39
7 58
224 54
336 -1
368 29
170 92
287 19
285 1
15 84
322 48
105 43
488 48
113 66
32 36
336 80
230 91
67 11
242 33
92 62
457 26
289 22
474 19
172 57
