46 59
223 100
89 6
479 65
344 49
52 88
447 26
174 99
158 3
58 59
254 27
488 71
289 4
421 55
173 17
443 48
85 49
364 56
417 49
110 21
103 83
157 13
312 18
317 36
67 4
118 10
316 3
451 7
401 19
222 11
450 46
51 64
415 59
401 55
204 58
262 10
429 17
265 28
327 86
181 78
213 58
297 5
221 17
319 97
293 85
64 64
339 81
133 58
386 80
308 7
143 93
205 84
155 16
426 8
293 49
244 91
199 43
64 14
272 59
162 9
12 2
361 83
219 29
207 15
403 88
177 39
367 21
465 89
394 1
200 38
115 85
382 51
384 96
239 54
39 28
242 76
380 90
149 26
442 16
103 22
326 75
326 9
171 54
429 51
8 91
422 17
441 44
206 1
107 37
173 46
2 43
38 96
281 12
432 48
