478 37
311 85
402 70
399 6
411 88
369 81
384 63
209 39
224 67
430 30
101 7
51 63
418 62
255 90
237 -1
76 70
229 31
442 57
140 28
234 33
142 60
65 46
245 17
315 94
62 61
24 84
20 22
304 75
371 63
257 80
165 46
204 1
64 97
425 86
322 56
492 36
348 73
213 33
148 46
334 42
301 94
83 88
308 67
324 12
47 19
44 75
233 28
398 85
353 75
182 78
154 27
184 66
188 95
149 58
459 42
66 10
248 36
265 12
89 54
212 35
178 32
306 54
152 40
213 93
369 12
89 84
24 80
21 45
336 13
347 11
480 31
455 68
272 56
186 8
155 2
10 2
460 88
468 87
177 46
42 76
248 84
418 50
482 10
434 9
268 51
108 15
128 12
254 49
454 19
