112 95
214 3
272 24
354 32
289 6
63 63
394 45
93 43
435 43
100 5
497 51
279 31
207 17
400 56
191 91
24 16
299 49
384 82
19 11
465 97
121 2
183 33
58 28
17 51
175 9
244 51
98 68
121 35
278 4
130 56
238 20
240 -1
85 91
153 15
252 93
140 2
20 94
202 1
434 36
67 1
94 61
306 81
254 58
457 74
449 23
193 95
128 19
437 96
269 92
200 72
2 29
323 23
109 99
327 87
367 84
410 67
228 98
235 72
108 6
349 46
470 3
368 57
284 51
262 13
276 55
429 24
281 73
351 57
266 85
233 33
212 42
237 8
439 27
223 89
26 81
356 87
146 97
63 55
192 96
113 18
218 3
393 31
118 82
16 63
267 65
185 98
213 24
379 94
56 22
189 65
