193 76
425 7
483 49
418 90
112 91
443 97
135 53
6 88
389 5
464 44
6 61
316 76
350 42
163 85
351 56
128 79
237 68
327 35
184 24
190 50
29 63
473 92
299 80
128 31
476 57
432 73
366 66
27 75
325 30
115 48
278 59
93 45
227 33
360 76
126 29
142 50
485 68
400 74
361 80
493 78
216 66
254 45
488 33
28 16
307 100
349 38
287 2
451 33
135 66
392 26
113 2
72 42
96 84
301 7
39 80
22 74
289 36
486 54
443 50
494 38
212 27
183 44
93 93
258 50
249 67
47 66
460 30
251 96
288 77
172 11
101 57
235 12
96 49
63 9
142 9
350 43
66 69
200 9
116 32
142 79
130 51
471 31
237 72
307 99
89 2
59 99
449 27
125 33
239 62
62 91
123 11
36 75
198 33
434 15
293 89
262 33
