245 3
11 21
421 48
261 17
302 18
68 51
497 54
480 35
364 16
81 79
91 88
371 2
97 42
23 55
150 98
410 3
178 61
221 69
460 46
351 8
260 55
199 100
303 -1
325 34
189 60
7 7
300 22
17 47
414 30
171 86
105 28
253 92
34 72
87 58
309 8
411 51
281 34
217 60
312 33
319 23
405 33
22 91
433 16
46 8
433 99
87 15
435 2
208 38
288 50
317 74
313 11
408 3
130 85
291 63
252 23
224 20
354 14
43 75
54 7
327 70
495 61
1 29
450 7
445 70
343 13
148 28
384 33
224 11
409 50
162 99
277 6
131 78
322 2
209 90
272 4
63 31
448 25
349 95
74 29
