395 86
328 80
27 50
438 79
248 81
301 51
494 97
47 90
151 72
17 54
282 25
165 11
209 12
179 34
329 76
289 67
37 69
444 61
488 43
69 97
49 55
452 65
311 76
333 57
136 11
251 44
416 8
378 85
496 8
324 24
399 56
363 9
131 27
477 63
37 9
179 54
466 93
131 36
148 60
235 88
176 29
102 46
437 46
308 53
377 35
77 92
237 4
329 95
130 53
184 7
353 16
167 72
164 10
35 75
449 70
470 26
464 57
464 91
323 18
225 34
186 57
20 68
36 52
443 95
443 84
3 65
122 98
3 89
148 4
410 73
300 69
354 89
139 50
71 22
120 1
50 72
398 40
181 89
185 88
258 74
212 77
38 15
59 29
325 67
138 49
429 46
20 2
148 76
73 11
355 35
362 46
489 48
