84 -1
288 44
25 98
459 46
100 86
445 58
142 19
221 88
59 21
1 1
58 80
353 90
206 60
413 31
371 67
299 65
27 57
162 49
88 72
158 12
40 19
306 89
76 17
35 22
176 64
147 61
359 46
139 90
71 24
162 55
289 65
486 2
470 34
471 39
444 96
24 39
219 49
455 77
434 31
26 79
57 26
16 2
64 63
464 69
250 22
97 91
485 23
243 65
302 84
274 75
165 33
335 38
36 75
112 13
387 94
181 81
354 86
70 52
166 78
292 22
171 82
459 68
451 39
184 40
134 80
133 53
67 72
359 57
42 75
493 15
13 100
61 87
105 37
495 31
216 85
459 23
77 61
462 49
380 55
486 46
352 4
241 44
183 63
