466 97
158 6
425 26
410 27
336 33
4 78
107 75
440 49
210 5
484 99
248 34
299 18
94 75
190 43
160 61
238 73
495 18
342 54
209 70
95 71
475 45
383 19
140 36
221 2
100 37
25 2
220 64
8 10
311 25
10 3
256 67
325 66
435 27
36 45
309 17
84 50
410 33
499 42
260 63
399 50
496 93
362 4
122 51
159 47
346 87
481 86
52 85
1 22
159 95
348 82
99 73
375 64
279 19
210 86
155 95
481 91
168 29
231 57
322 88
168 68
207 2
361 68
202 75
312 35
373 62
173 31
142 44
16 63
194 34
370 74
78 38
500 26
202 68
270 1
181 8
174 13
260 56
321 15
455 71
414 84
267 32
252 28
68 25
399 2
444 56
410 63
378 -1
13 1
475 46
491 72
