210 46
370 94
306 32
51 81
476 6
12 71
40 74
260 55
469 82
238 46
251 61
10 72
151 82
6 88
199 8
190 63
493 49
310 56
9 2
13 83
138 31
180 74
257 35
48 88
259 76
309 71
452 84
187 80
411 12
407 85
309 13
237 16
129 86
125 79
434 61
153 64
399 10
102 36
307 66
16 32
313 33
392 67
369 2
133 7
445 16
141 76
392 4
122 77
476 65
133 62
85 18
423 90
72 91
63 53
494 71
194 81
115 87
305 40
243 71
217 91
10 78
262 38
344 8
266 68
315 12
7 19
460 5
165 45
396 90
46 89
151 45
307 46
33 34
139 33
235 78
233 24
152 38
423 4
119 49
14 56
87 94
285 100
472 39
82 31
6 99
183 33
357 69
18 45
75 45
391 84
34 52
262 77
