413 26
285 100
78 67
279 7
324 86
484 35
155 39
284 64
335 85
53 97
282 50
144 76
84 80
463 58
319 87
152 15
23 49
234 18
217 41
235 58
17 38
172 2
202 84
366 68
120 53
277 81
162 51
294 78
478 62
308 64
287 67
71 60
475 68
353 67
274 93
228 77
424 27
208 79
353 34
107 28
332 7
110 59
85 8
345 58
197 2
468 15
366 25
16 66
85 62
264 54
294 19
100 30
308 94
481 100
165 33
262 91
185 35
325 77
282 89
464 15
274 51
270 65
57 77
35 29
460 4
35 22
80 13
469 82
146 89
347 31
272 5
396 47
222 12
414 42
158 81
354 98
401 70
312 57
420 2
41 70
146 86
417 97
262 33
202 58
387 36
355 58
239 78
119 16
30 10
165 59
71 72
91 98
229 76
452 27
405 25
2 96
487 73
