191 94
277 30
321 72
385 90
256 38
44 60
6 30
494 90
357 66
189 31
129 43
261 33
223 1
392 93
64 74
219 40
329 47
11 4
105 40
16 94
18 15
154 72
59 44
249 95
59 10
476 16
155 77
2 32
476 68
439 35
255 83
478 70
80 99
455 5
118 53
283 7
378 7
312 57
496 30
211 49
73 44
272 42
215 99
298 53
332 79
212 43
498 56
251 35
193 87
328 13
283 47
254 10
60 64
474 9
9 6
449 28
26 67
369 6
435 29
497 87
104 10
398 54
156 48
245 72
339 52
96 69
49 50
303 36
82 34
417 52
461 65
81 48
302 50
216 26
54 9
341 15
418 19
312 74
287 74
297 19
247 67
197 54
339 98
144 78
185 13
281 85
169 83
273 4
84 24
22 29
257 30
393 93
353 16
255 60
116 97
77 47
141 21
