425 29
402 71
192 16
385 16
144 99
25 45
214 96
66 8
386 39
445 13
370 90
224 62
71 38
456 18
372 61
409 6
484 90
122 87
146 27
191 40
275 20
171 53
81 7
390 19
397 3
328 35
426 36
21 54
294 82
334 82
364 34
246 85
82 24
311 48
82 10
488 18
334 55
202 86
398 89
99 8
245 58
454 64
131 45
6 34
211 2
432 43
186 93
160 12
212 44
304 2
409 64
352 53
349 56
316 29
324 32
219 10
44 34
382 12
434 27
338 84
457 7
362 31
235 61
364 36
258 63
499 98
140 72
373 28
292 22
5 99
124 81
453 16
210 91
26 62
404 13
86 82
78 100
426 39
87 27
344 37
202 43
35 45
226 48
218 90
203 19
26 90
286 61
120 87
473 78
467 77
183 43
299 75
