57 3
357 67
473 8
494 29
188 39
498 47
49 79
490 61
133 20
9 55
14 37
114 61
429 11
192 7
244 73
447 33
154 45
379 80
80 16
208 95
221 19
137 68
148 12
312 80
329 -1
188 60
26 29
463 2
427 26
75 62
485 45
174 13
370 92
481 95
388 92
229 68
359 82
104 88
109 75
322 68
163 96
203 24
268 55
390 64
194 81
190 86
477 89
456 23
107 57
290 80
305 2
385 58
341 78
230 72
394 59
66 92
424 1
438 44
297 60
259 17
471 24
342 19
189 74
26 44
472 50
98 87
369 8
204 11
363 3
368 13
257 43
85 26
62 33
233 59
221 45
298 67
3 47
277 6
139 55
26 27
244 20
342 56
346 13
20 23
122 22
209 55
392 91
84 5
228 59
90 53
362 29
87 69
58 44
213 67
53 14
382 80
