21 58
315 49
285 10
482 77
23 36
418 52
227 1
410 49
316 82
140 10
265 79
298 45
32 61
232 79
464 28
1 94
491 51
32 98
407 12
350 80
248 36
320 36
128 21
444 66
307 17
123 72
382 8
455 88
380 51
348 62
482 98
395 98
284 94
320 73
1 41
453 33
357 7
232 36
28 76
129 61
204 24
47 94
409 38
464 51
361 39
116 32
258 61
25 68
151 37
108 41
378 8
383 57
202 69
192 34
100 16
199 89
162 51
72 10
95 43
295 47
28 61
325 23
72 89
74 13
490 57
83 42
297 56
38 96
490 -1
298 32
8 27
479 11
374 90
261 6
95 58
10 96
10 80
421 44
224 65
93 29
295 27
405 49
48 66
5 -1
417 49
173 52
247 99
343 51
29 40
411 65
274 41
194 27
500 20
