1889785616 1889785616 1889785616 1889785616 1889785616 1889785616 1889785616 1889785616 1889785616 1889785616 
1889785616 1889785616 1889785616 1889785616 1889785616 1889785616 1889785616 1889785616 1889785616 1889785616 
1889785616 1889785616 1889785616 1889785616 1889785616 1889785616 1889785616 1889785616 1889785616 1889785616 
1889785616 1889785616 1889785616 1889785616 1889785616 1889785616 1889785616 1889785616 1889785616 1889785616 
1889785616 1889785616 1889785616 1889785616 1889785616 1889785616 1889785616 1889785616 1889785616 1889785616 
1889785616 1889785616 1889785616 1889785616 1889785616 1889785616 1889785616 1889785616 1889785616 1889785616 
1889785616 1889785616 1889785616 1889785616 1889785616 1889785616 1889785616 1889785616 1889785616 1889785616 
1889785616 1889785616 1889785616 1889785616 1889785616 1889785616 1889785616 1889785616 1889785616 1889785616 
1889785616 1889785616 1889785616 1889785616 1889785616 1889785616 1889785616 1889785616 1889785616 1889785616 
1889785616 1889785616 1889785616 1889785616 1889785616 1889785616 1889785616 1889785616 1889785616 1889785616 
