303 1023
65 956
44 955
415 933
405 904
470 893
322 876
407 871
406 860
5 854
295 847
89 844
429 841
32 839
433 838
108 828
84 826
197 823
358 821
226 820
2 818
491 817
53 798
116 792
469 788
378 785
128 775
41 755
332 754
236 753
280 746
364 727
250 722
207 722
183 706
212 705
30 705
400 701
388 699
184 699
223 698
302 695
237 693
139 690
135 684
129 684
249 683
270 671
484 670
17 669
483 666
3 664
37 663
88 661
213 659
493 658
123 657
361 654
273 654
338 652
352 647
432 646
130 646
31 646
111 645
192 642
263 640
143 639
499 634
120 634
141 633
456 629
62 629
204 626
419 624
355 623
333 623
369 622
310 622
151 620
259 618
489 616
126 616
281 614
257 614
231 614
399 612
360 612
194 612
96 611
422 609
316 609
222 608
92 608
464 602
343 602
282 602
428 601
495 596
466 596
444 594
387 592
290 589
136 588
345 587
77 583
417 579
214 579
216 577
33 577
434 574
398 572
164 572
477 570
375 565
29 565
265 564
446 563
201 561
16 560
441 559
471 557
479 556
324 556
43 556
440 554
494 553
461 551
258 548
193 548
251 543
485 542
313 542
217 541
90 540
45 540
476 539
75 539
381 538
4 538
64 536
410 534
177 533
105 533
158 530
325 528
430 526
125 526
275 524
210 524
389 523
186 522
293 515
199 513
413 512
163 512
172 511
153 509
379 508
307 508
255 507
269 506
268 506
488 504
451 503
392 502
228 502
134 502
94 502
486 501
300 500
159 500
480 499
63 497
25 496
478 495
383 492
81 490
473 489
69 489
348 487
299 487
266 487
234 487
240 485
58 485
14 483
188 481
138 480
403 476
211 476
118 476
114 476
56 475
402 474
490 469
356 469
272 469
221 468
144 467
393 465
435 464
315 464
86 463
103 462
497 459
465 459
350 459
224 458
162 457
169 455
70 455
286 451
247 451
372 450
15 450
11 448
10 448
181 446
384 444
112 444
377 443
278 441
38 441
460 440
6 440
254 439
449 438
496 437
342 437
71 437
39 437
409 436
306 435
36 432
40 430
285 429
51 429
401 428
239 428
79 428
67 427
253 426
376 421
99 421
233 419
87 418
353 417
317 415
341 414
35 414
277 413
110 412
391 411
309 411
482 410
149 407
390 404
76 404
182 403
106 402
191 400
95 398
289 397
167 397
34 396
336 395
152 395
133 395
359 394
142 392
238 391
318 390
452 389
267 388
412 387
382 387
145 386
82 386
80 386
374 385
327 385
160 381
60 381
459 378
458 377
380 377
124 377
472 375
73 375
330 374
54 374
304 372
8 372
354 371
170 371
154 371
9 371
442 369
229 369
394 366
450 365
72 365
57 365
329 364
340 363
423 356
117 356
74 355
312 354
246 354
173 354
294 353
203 353
198 353
260 351
230 351
244 350
468 345
7 344
104 342
418 339
185 337
78 337
256 336
252 336
283 335
168 335
339 334
208 334
179 334
49 334
196 333
241 332
457 328
328 328
448 327
481 326
102 326
12 326
235 323
445 321
411 321
113 321
209 319
447 318
166 316
93 315
23 314
492 313
475 313
50 313
436 312
431 312
101 312
157 311
385 310
453 309
279 308
274 308
264 308
206 307
463 306
367 302
319 302
220 301
344 300
121 299
335 298
1 297
48 296
292 295
287 295
219 292
20 292
323 291
408 286
261 286
115 286
366 284
147 283
59 283
91 281
321 277
155 277
416 276
202 276
107 276
180 274
225 271
24 271
276 270
474 267
454 264
175 264
373 262
150 260
66 260
42 259
414 258
137 255
18 255
500 252
420 250
156 250
443 248
397 247
243 246
109 243
132 241
55 237
386 235
85 234
148 231
205 228
27 226
467 223
200 222
296 220
301 218
288 217
232 216
346 212
439 202
68 193
291 190
245 190
190 190
171 189
326 188
396 186
320 186
455 185
425 177
362 177
52 174
131 168
426 166
487 165
26 164
176 158
395 157
314 157
178 156
308 155
127 155
271 152
404 142
122 136
347 128
305 128
47 114
165 112
215 111
97 98
363 65
368 40
