184 1219
497 1117
363 1071
474 925
358 889
196 883
376 873
369 869
407 857
24 857
276 820
89 816
146 813
179 809
68 799
238 798
22 797
492 782
285 764
173 756
31 756
3 754
120 739
457 729
58 723
249 718
326 717
102 717
464 715
444 710
399 710
33 705
155 703
404 700
309 696
183 694
99 688
300 685
16 684
232 676
419 675
491 672
44 665
71 664
59 662
170 660
158 657
117 654
127 650
486 644
425 643
284 643
294 640
275 639
265 639
494 638
396 638
74 638
219 635
424 633
448 632
418 631
426 629
488 628
48 628
49 627
490 626
189 624
110 624
373 623
289 622
421 621
348 621
150 618
84 618
270 614
143 614
124 614
218 613
197 612
112 612
400 608
463 606
234 605
70 605
199 603
6 603
389 601
316 601
500 599
304 598
328 594
282 593
166 593
82 593
27 588
466 587
203 586
431 584
145 580
14 580
242 579
438 578
229 577
12 577
473 576
449 576
259 576
338 573
253 573
422 571
293 571
61 571
349 570
469 569
366 568
69 566
397 564
368 564
109 563
5 563
364 561
333 561
263 561
51 561
122 560
250 556
476 555
34 553
356 552
36 549
357 548
336 547
11 545
220 544
101 544
379 542
274 540
209 539
198 539
245 536
4 536
461 532
162 531
335 530
347 529
287 528
195 527
385 524
194 524
217 522
484 521
148 520
7 520
171 517
204 516
107 516
487 515
177 514
105 514
25 512
481 511
479 511
92 511
15 509
178 508
98 508
478 507
477 507
440 507
317 507
465 505
207 505
436 504
169 503
470 502
167 500
153 499
35 497
239 492
311 490
324 488
362 486
312 486
290 486
10 486
314 485
41 485
18 485
222 483
345 482
136 477
383 476
87 471
266 470
156 470
398 469
442 467
429 467
104 467
451 466
360 466
211 466
152 462
439 461
278 459
147 459
280 458
90 458
47 458
94 452
332 450
339 449
382 445
135 445
188 444
182 444
433 443
9 442
405 441
39 440
416 439
443 438
394 438
52 438
28 438
224 437
142 437
133 436
372 435
310 434
214 434
2 434
244 432
233 432
191 431
121 431
344 430
320 430
108 430
428 429
154 429
450 425
380 425
63 425
350 423
329 421
163 420
93 419
106 418
319 417
254 416
174 415
241 413
67 411
456 408
359 407
414 406
378 404
458 403
318 403
391 401
38 401
8 400
386 399
19 398
1 398
298 396
208 395
221 393
81 393
160 392
388 390
134 390
246 389
53 388
322 386
130 386
353 384
264 383
262 382
236 381
125 380
252 379
181 379
267 378
279 377
57 377
159 376
243 374
77 374
223 372
467 370
381 370
352 365
305 364
435 363
313 363
85 363
45 363
210 360
361 359
268 359
460 358
76 357
410 356
340 354
78 352
17 352
454 347
283 347
43 347
131 345
341 339
423 336
277 335
20 335
260 334
175 333
91 333
455 332
64 332
172 331
413 330
395 329
103 327
406 326
32 326
186 324
56 322
255 318
144 318
187 317
96 315
417 313
190 308
447 307
483 305
437 305
402 303
384 303
301 303
315 300
75 300
30 296
411 295
97 295
80 293
302 292
226 292
343 291
351 290
325 290
257 290
452 289
292 289
281 288
247 288
157 287
446 284
307 284
200 284
355 283
489 282
430 281
119 281
354 279
401 277
308 275
303 274
201 272
342 270
271 270
297 267
193 267
113 266
370 263
79 263
176 262
50 258
367 254
95 254
161 253
26 252
409 250
334 249
216 248
420 247
495 244
111 244
212 243
459 242
374 242
331 240
114 238
468 237
427 236
441 234
115 231
46 227
375 224
493 223
227 222
165 222
288 221
453 220
496 218
471 218
337 215
269 215
185 215
60 215
231 213
230 210
499 209
54 209
206 207
55 203
365 202
88 201
180 199
327 198
62 197
371 196
485 195
408 194
323 194
139 194
251 193
415 192
392 192
116 192
65 189
434 187
228 186
261 185
123 185
330 183
168 178
235 176
403 175
258 175
140 175
475 172
346 172
141 169
42 167
390 164
40 155
202 146
73 145
83 141
291 140
240 137
29 128
248 118
295 113
482 100
118 93
37 86
