382 96
281 67
318 9
237 47
104 9
231 89
350 98
147 99
7 34
111 34
283 23
112 62
77 47
177 51
301 64
169 59
21 80
215 24
347 61
332 26
182 57
420 77
469 75
262 4
195 73
201 22
481 82
494 8
68 4
408 92
311 60
58 86
83 91
18 14
471 1
48 93
231 4
327 97
335 53
218 8
21 4
8 45
197 95
354 23
357 21
444 30
149 43
27 11
312 84
28 73
151 92
105 81
361 50
5 91
138 73
332 72
288 42
24 56
300 13
91 28
104 53
221 28
62 75
342 87
434 88
234 15
479 8
311 97
119 68
358 8
180 2
458 72
112 76
342 83
349 75
221 46
18 34
118 51
130 19
172 24
368 86
437 7
165 86
181 8
33 14
495 1
31 40
