95 69
142 93
60 37
477 55
476 49
65 50
313 34
349 58
344 43
45 48
194 77
137 43
458 45
310 89
205 49
214 7
182 51
432 44
251 89
396 45
49 95
408 82
291 28
472 48
187 93
69 71
152 17
67 60
137 2
149 33
151 74
61 37
220 57
162 94
318 25
54 25
473 11
317 25
269 12
87 98
150 43
408 16
92 88
218 37
71 51
104 15
261 87
315 91
295 99
144 99
105 52
182 11
334 8
29 67
171 47
392 22
429 64
395 88
366 33
448 73
65 98
485 69
241 58
383 34
422 99
333 63
442 33
239 22
362 61
303 79
327 26
285 36
422 70
263 68
269 73
75 3
159 48
438 46
404 46
372 14
412 48
139 4
179 71
419 70
299 13
431 98
397 9
16 100
