232 64
376 73
192 22
125 72
95 72
199 86
197 60
468 13
143 63
194 48
260 27
462 94
398 3
138 66
327 79
393 69
118 9
172 53
358 53
444 51
254 26
485 24
123 37
490 81
285 79
185 48
232 78
263 41
384 3
430 66
490 88
426 45
77 85
80 18
129 18
7 28
64 2
376 9
489 50
301 19
146 50
492 4
411 33
325 100
299 91
414 18
107 98
248 93
262 5
494 59
100 80
380 12
77 80
15 83
261 77
94 39
92 10
320 66
414 95
289 59
298 12
388 5
280 63
109 20
466 45
313 85
476 80
292 55
87 28
404 99
225 79
466 37
97 52
274 84
450 16
232 62
288 40
68 55
420 78
144 82
416 45
17 75
