190 53
98 82
216 15
234 5
426 18
220 20
103 41
114 91
344 12
386 9
334 36
129 33
30 73
445 21
491 85
435 96
389 72
14 35
38 38
65 85
124 73
87 74
211 44
422 14
392 34
245 26
454 94
383 63
472 7
500 4
48 15
201 49
463 12
257 57
166 36
5 31
5 47
242 26
89 64
212 65
124 36
94 66
8 75
44 56
473 75
56 88
391 26
484 40
27 85
415 40
87 37
104 33
198 3
357 59
130 14
323 55
255 40
176 1
244 16
94 59
437 3
102 81
48 25
31 47
61 85
88 43
290 76
307 74
137 64
14 66
10 51
21 53
333 4
229 49
168 88
263 82
343 22
423 60
455 22
230 33
27 50
498 92
48 70
418 13
351 65
366 94
482 23
322 11
173 25
162 15
388 74
447 35
166 66
486 24
470 70
