51 55
118 40
240 69
210 95
138 26
101 92
378 83
329 33
116 32
500 22
499 59
28 31
458 59
75 64
325 36
218 72
364 90
213 93
471 29
451 52
465 48
159 88
322 96
201 37
360 85
365 82
85 4
492 16
301 4
6 3
492 20
65 21
473 76
339 47
159 9
290 53
100 98
66 20
384 12
226 27
436 52
56 49
287 47
24 8
484 15
398 80
398 76
469 21
145 5
149 95
265 5
121 29
500 8
56 62
61 13
133 56
226 39
499 47
12 87
202 16
291 56
33 61
139 54
145 97
91 58
108 22
200 55
228 41
325 8
67 32
28 68
212 24
289 54
417 24
200 72
245 58
141 9
256 10
473 6
123 35
36 69
348 2
279 61
194 19
55 73
115 93
329 19
322 79
165 32
323 31
26 34
140 26
88 91
170 69
300 52
101 81
190 65
