166 95
431 57
472 80
132 76
416 78
400 13
88 13
325 11
322 26
158 30
119 80
44 53
143 72
215 39
463 82
306 16
436 31
26 65
15 14
284 95
414 92
96 70
254 25
299 61
77 40
201 19
492 96
423 39
433 81
48 60
165 54
121 19
78 13
454 66
100 23
444 63
351 23
127 59
18 42
380 53
186 97
265 73
222 80
411 99
226 -1
155 42
153 26
21 46
41 29
423 71
486 88
117 24
242 25
431 31
195 -1
120 35
481 85
177 20
133 69
300 15
162 74
7 1
113 78
189 37
285 61
288 84
50 95
19 65
362 26
215 98
205 99
283 85
172 93
401 63
310 90
216 82
218 57
459 46
291 60
262 53
205 87
297 79
220 66
129 77
452 63
164 14
163 70
128 94
306 29
472 84
386 62
120 73
265 5
66 14
288 45
55 95
491 39
