126 11
20 61
157 80
37 72
90 67
150 38
375 55
207 26
18 5
407 73
78 37
240 11
238 28
18 53
471 41
273 89
17 52
296 58
35 28
186 53
145 95
101 78
409 83
484 52
159 28
264 24
421 43
262 84
399 28
449 75
360 12
330 63
181 20
453 40
238 9
447 82
359 96
98 86
456 95
327 68
478 98
288 68
362 28
392 77
187 50
369 34
273 71
32 -1
421 92
343 76
5 70
192 40
186 68
39 76
248 75
226 72
136 13
48 35
162 3
183 89
42 56
254 86
17 78
209 85
249 67
347 38
351 89
64 43
77 62
39 62
65 58
138 23
376 70
166 54
153 91
312 17
443 46
122 5
9 80
2 83
253 60
40 66
386 -1
224 7
107 28
416 7
277 35
124 60
340 60
481 2
