9 75
97 50
341 18
332 78
328 72
445 65
25 53
67 36
280 35
94 95
235 24
257 73
360 81
320 25
429 80
488 33
148 88
299 16
440 42
478 21
28 29
160 69
386 73
14 39
338 74
484 8
201 59
185 94
5 46
29 70
500 82
279 47
164 18
82 2
200 50
270 96
467 96
270 37
383 81
5 79
441 66
2 44
200 23
180 73
1 47
226 11
46 95
30 2
10 37
271 37
475 12
233 26
174 88
467 90
48 24
432 12
20 55
247 57
137 30
43 63
315 66
482 25
498 58
471 73
425 71
376 65
220 33
226 40
346 48
6 88
431 60
250 71
118 5
13 20
317 99
52 42
407 45
192 56
357 21
1 100
141 55
310 49
58 83
375 38
450 85
