350 4
432 21
372 23
8 86
165 60
235 32
268 1
5 81
180 2
251 27
20 77
33 27
53 31
13 100
301 92
90 33
24 25
196 27
190 31
424 97
109 15
301 80
284 36
108 -1
190 22
310 34
16 62
488 51
488 75
8 84
493 64
211 48
27 6
32 86
411 39
310 72
167 100
125 73
167 70
111 66
332 83
246 71
236 97
25 23
50 54
281 1
74 18
217 81
478 12
155 71
491 30
227 44
14 95
209 80
373 83
436 56
449 85
306 52
132 -1
227 96
402 18
292 81
406 58
491 90
490 29
326 95
371 75
16 91
35 57
433 3
220 7
18 72
258 4
425 87
333 32
116 42
267 9
5 67
181 97
161 72
380 95
147 19
232 27
133 15
19 93
147 85
204 42
428 84
77 -1
