469 76
77 100
496 98
330 22
500 67
124 30
485 82
14 40
244 71
21 27
31 77
396 68
207 42
182 37
137 53
94 43
425 2
49 81
22 98
294 58
299 77
257 46
336 38
75 43
280 21
149 16
378 19
316 27
419 27
313 43
142 11
392 27
132 63
169 9
466 44
190 49
100 26
298 76
68 85
106 59
417 73
83 15
343 71
326 97
112 47
358 50
424 95
135 30
368 30
252 11
267 3
58 32
485 47
445 1
46 30
280 77
420 57
461 46
292 59
10 20
2 85
124 95
204 25
368 85
139 38
347 78
270 1
229 41
458 85
37 88
232 76
253 92
420 67
241 28
309 77
425 18
1 28
319 4
56 57
88 95
