29 87
229 12
98 28
373 51
84 93
409 22
354 71
385 37
283 37
432 44
403 73
433 22
169 68
443 4
124 74
256 50
137 6
500 62
249 10
357 63
78 74
314 33
7 43
227 63
186 47
299 56
458 100
400 48
1 49
447 85
178 56
235 2
85 58
335 84
94 81
375 46
315 66
478 40
495 40
444 72
402 87
308 84
24 42
72 41
126 46
176 27
268 69
396 40
421 75
335 67
456 51
492 90
210 30
399 11
127 13
386 60
354 61
275 70
179 98
239 28
198 39
300 95
430 99
470 61
216 59
227 7
227 27
404 31
399 34
414 26
194 87
95 50
137 88
249 4
280 66
450 18
135 50
232 34
29 89
419 39
303 67
375 11
