64 88
179 94
281 48
371 90
386 2
475 9
232 86
482 48
94 94
17 84
262 16
284 15
127 75
221 69
376 81
213 54
81 63
484 42
479 45
142 20
432 58
12 84
170 71
393 64
157 89
133 98
115 19
195 27
118 39
396 68
410 25
489 22
120 89
36 9
491 68
143 30
67 37
3 44
109 42
429 55
164 76
94 9
384 80
444 22
495 84
315 76
162 69
345 98
297 53
407 15
270 -1
264 40
222 10
231 28
106 4
369 31
176 46
290 19
485 17
302 1
113 54
85 75
224 38
386 9
395 55
10 2
82 30
318 42
111 29
274 3
59 19
129 79
198 71
406 93
420 76
402 31
139 71
354 17
241 40
86 51
463 61
150 20
173 42
262 1
454 94
342 98
29 51
441 29
