235 48
243 20
253 25
249 81
163 65
20 2
235 96
459 23
186 92
122 20
21 60
35 3
138 45
211 37
194 66
208 47
46 15
318 25
207 12
332 40
232 90
254 43
248 6
257 71
287 6
455 73
252 47
61 89
74 28
460 81
238 1
251 81
174 73
60 71
231 20
275 53
240 99
239 67
490 100
466 58
44 90
226 63
322 22
376 2
251 65
485 93
353 75
210 6
256 38
320 57
235 64
443 37
477 66
219 31
71 45
294 67
193 27
282 61
373 49
154 87
312 94
377 84
5 32
421 17
384 16
482 49
240 80
283 47
377 1
380 41
292 40
122 38
79 51
134 97
106 12
58 78
38 79
209 94
248 59
410 63
247 72
99 30
5 65
61 27
209 97
229 80
408 18
480 80
180 24
352 84
383 29
273 68
