140 76
445 64
152 1
33 83
83 12
441 60
26 60
106 20
58 25
109 45
218 16
131 27
302 -1
29 94
8 99
455 9
322 85
13 6
45 79
64 42
184 29
43 20
271 15
323 9
17 45
116 53
216 74
129 77
471 1
66 65
198 72
352 48
395 35
439 45
259 48
487 22
413 66
317 9
85 58
206 73
163 81
119 3
163 13
259 68
274 49
89 9
97 74
313 10
417 61
264 17
273 9
177 35
180 83
118 77
200 26
325 39
290 97
401 6
455 67
377 8
3 74
436 94
59 10
261 86
286 23
271 73
239 6
281 24
28 54
383 89
279 57
493 50
484 11
281 41
462 94
215 84
488 8
267 51
406 48
69 40
392 46
228 27
161 32
478 68
281 74
337 3
142 9
9 77
341 14
223 68
197 97
418 17
65 72
210 58
167 74
226 23
