489 83
435 2
361 77
139 26
204 34
35 15
412 8
10 20
262 5
295 58
28 83
257 2
42 21
422 -1
275 2
15 81
294 93
391 37
350 35
339 21
124 98
2 6
334 20
234 78
284 36
272 29
477 38
36 12
406 20
223 100
62 73
466 38
62 69
422 73
499 82
311 26
126 46
224 10
494 4
158 90
157 74
55 91
166 91
139 98
306 55
321 66
230 85
486 53
489 60
271 39
285 54
468 18
7 60
467 55
391 41
314 91
39 61
400 12
150 72
363 44
16 61
452 76
49 33
230 90
81 26
56 73
377 47
338 83
224 37
134 22
118 23
378 86
326 21
240 76
71 88
70 87
407 22
209 55
149 25
208 12
443 19
87 51
140 51
9 55
240 77
154 80
412 72
403 65
1 58
363 94
138 6
387 15
390 70
249 74
