411 73
229 88
202 99
109 47
198 22
109 28
319 47
373 26
138 70
491 87
401 51
244 11
308 23
477 96
235 27
60 8
63 15
86 43
178 46
484 36
242 30
26 79
383 19
262 90
329 6
174 70
465 80
285 97
137 84
494 53
126 81
84 94
136 20
189 28
117 60
87 67
106 2
423 52
80 68
346 89
171 5
74 66
257 68
255 62
229 62
354 78
401 93
42 33
251 61
160 78
207 53
107 6
328 75
342 9
429 56
23 95
307 7
336 16
13 22
470 66
175 99
201 81
11 78
348 23
65 47
151 48
293 67
68 46
310 54
359 36
174 57
57 37
462 38
326 62
188 95
360 7
38 88
378 38
219 77
327 54
327 51
461 16
173 61
384 65
401 27
491 93
211 23
139 72
163 9
184 97
301 1
186 18
