118 27
98 16
33 8
27 13
255 24
331 53
228 4
383 79
416 42
267 68
328 34
327 94
209 13
318 77
104 77
162 96
15 18
45 8
464 58
97 22
442 21
145 86
497 20
467 11
154 60
60 30
313 26
2 14
63 79
344 69
301 74
478 14
138 52
340 82
278 35
153 13
109 46
451 23
101 32
186 11
123 20
274 24
434 67
297 70
312 95
252 60
462 14
382 7
248 63
46 91
404 92
216 67
485 8
381 82
149 61
90 2
265 64
426 1
56 59
62 43
433 66
400 28
130 95
338 67
121 59
174 71
50 48
132 74
54 58
291 92
51 75
90 63
296 65
266 26
206 5
182 23
244 82
193 95
72 61
456 97
21 40
24 72
372 31
