311 54
260 9
209 45
455 16
371 88
127 40
94 64
364 83
37 56
363 35
174 70
171 22
12 72
53 79
120 72
307 40
170 75
45 94
241 3
140 21
442 25
152 40
49 78
272 78
319 77
229 3
433 29
446 17
369 6
360 43
59 17
419 9
123 24
444 72
78 42
210 64
10 96
137 76
392 65
162 39
333 68
323 62
399 87
101 6
170 55
457 72
207 91
378 25
74 31
31 35
96 40
474 27
107 76
257 95
155 77
42 77
352 76
78 22
335 57
154 8
327 4
183 90
324 9
431 70
376 14
72 70
261 16
458 16
156 27
369 45
299 31
219 55
98 31
356 72
448 10
41 46
411 3
97 22
333 76
299 2
179 31
189 74
339 81
201 12
358 54
275 21
16 94
227 6
267 78
104 22
322 77
460 70
65 2
166 97
307 30
425 53
320 19
42 47
421 60
