376 73
10 38
207 86
167 62
283 13
336 22
479 37
254 37
62 61
3 80
95 95
31 18
193 36
60 31
117 40
472 25
252 60
217 1
34 97
98 57
166 33
110 10
145 29
356 37
58 55
143 18
290 89
106 18
192 77
88 64
447 17
342 90
2 33
150 83
115 10
281 15
63 71
82 59
229 41
421 85
441 98
394 19
38 73
364 17
304 96
275 65
491 39
398 42
74 57
52 52
117 57
409 29
283 61
372 41
265 52
394 26
277 76
490 4
238 13
308 38
490 86
96 50
346 31
405 43
457 84
415 68
246 35
377 75
201 28
158 60
384 40
108 63
42 51
363 85
63 27
465 70
377 8
270 24
302 91
276 41
140 49
268 50
439 39
147 99
422 6
171 56
170 43
326 93
357 59
303 37
46 81
44 99
11 41
280 78
