179 19
335 6
461 33
165 50
389 9
304 96
131 80
451 32
285 80
392 64
380 56
248 90
92 30
14 4
50 27
76 97
331 44
32 7
290 -1
288 31
452 61
322 53
38 23
332 47
198 24
182 63
322 90
10 54
141 16
29 5
129 67
20 7
356 95
386 50
368 55
306 24
312 58
483 17
124 68
339 64
287 31
425 29
339 66
319 15
454 82
273 97
492 13
323 68
298 54
441 65
500 96
9 1
405 89
370 7
421 98
358 33
62 68
174 78
255 76
90 88
448 27
286 3
347 90
311 31
433 45
255 44
59 19
490 63
46 99
32 2
192 94
350 62
82 33
26 82
160 10
368 7
164 100
289 59
278 44
53 44
