342 84
482 48
408 67
51 12
85 38
411 24
482 35
110 99
154 34
158 71
389 1
308 79
131 13
241 93
59 15
286 8
31 73
9 75
314 57
119 28
156 70
136 68
232 73
118 80
303 90
149 26
483 45
64 38
109 92
48 -1
438 -1
151 37
449 1
265 5
63 10
32 61
473 28
247 94
127 76
437 16
178 50
265 65
229 31
64 1
173 7
135 74
147 43
161 51
233 27
412 5
36 11
365 63
59 25
316 80
422 56
283 51
394 63
41 48
260 44
22 24
262 6
403 44
38 50
113 24
165 66
14 45
217 58
111 30
418 12
407 82
32 41
424 4
422 53
311 99
146 37
409 2
476 97
277 5
255 31
399 74
233 42
121 10
50 87
293 20
443 13
381 35
290 28
442 90
160 46
418 59
