57 35
300 54
343 91
278 29
46 76
455 94
415 95
351 1
222 21
225 56
210 76
224 84
70 96
435 65
311 45
54 91
463 5
335 35
28 23
13 46
186 55
33 61
33 8
297 95
141 67
61 80
268 41
294 82
452 56
394 82
272 69
241 92
453 59
269 72
429 23
19 46
349 80
208 25
157 1
295 76
339 61
351 69
144 8
65 74
258 25
401 91
55 93
319 59
486 64
466 89
138 82
248 69
136 35
289 16
437 85
362 97
352 81
403 79
158 3
134 16
194 28
43 84
167 33
204 57
192 40
94 22
371 48
222 19
464 41
50 97
231 1
377 61
435 90
168 39
31 83
299 17
200 63
252 23
426 40
278 84
486 90
262 59
72 41
155 71
35 41
321 84
290 53
115 18
3 59
447 16
356 55
436 18
230 95
