390 48
224 3
337 59
107 12
343 11
294 40
36 32
274 21
352 91
431 59
149 8
232 78
32 31
462 82
102 31
451 24
39 25
371 6
416 83
314 94
459 15
300 100
117 86
34 73
352 54
433 83
382 97
29 18
249 -1
185 46
245 10
27 27
316 54
499 19
281 87
274 52
71 19
446 100
85 72
316 22
38 83
210 60
471 19
67 78
462 55
293 27
95 67
284 37
113 53
121 100
465 3
76 42
88 33
50 76
191 71
173 9
65 96
330 95
246 36
78 34
230 92
356 54
203 30
201 13
191 85
63 19
212 17
162 65
372 3
308 81
355 26
370 16
285 97
382 71
405 54
413 6
265 37
416 28
65 85
453 23
211 29
125 7
429 76
259 86
294 82
257 16
492 12
137 69
341 40
398 93
424 49
92 88
