24 14
131 53
342 26
203 21
1 22
177 27
202 51
398 57
473 60
277 95
328 15
23 43
253 65
215 17
180 64
308 82
242 63
104 78
111 11
107 32
185 34
417 67
455 45
289 17
114 89
369 50
396 83
366 9
494 8
256 64
126 77
49 12
414 39
431 1
244 34
460 86
76 59
397 6
325 53
402 100
197 91
316 59
382 79
177 61
406 56
352 96
346 97
195 99
490 22
451 39
366 10
244 68
251 31
435 77
75 89
287 6
337 51
53 58
338 29
226 29
127 69
3 3
269 14
368 41
287 39
213 100
453 6
331 37
11 44
121 27
211 29
377 55
52 41
217 68
305 27
459 32
419 71
84 16
363 36
58 50
19 51
