311 15
35 92
205 86
133 -1
147 93
315 57
58 56
380 74
491 55
283 42
452 48
231 70
433 57
192 58
48 50
115 2
263 93
476 44
162 88
304 66
339 57
44 11
424 70
159 61
46 15
229 5
18 94
14 65
102 -1
201 77
222 77
225 93
69 70
267 26
278 14
94 7
22 81
63 16
483 23
319 60
259 76
151 22
79 18
28 70
410 50
205 18
107 10
268 86
226 95
340 73
295 79
466 55
252 35
88 39
482 81
290 23
492 50
394 95
436 39
168 59
50 63
397 54
496 43
407 3
283 56
231 45
98 13
449 21
203 32
165 92
271 47
72 89
230 57
280 3
49 94
433 90
492 51
350 93
24 71
349 3
27 100
432 97
214 12
26 92
232 16
292 47
304 66
468 27
339 49
297 51
406 76
439 53
140 38
349 93
267 4
