435 77
328 52
429 87
358 31
163 15
189 74
422 11
268 99
153 19
461 40
234 32
441 4
190 39
341 74
467 24
230 32
59 12
360 79
103 97
399 51
369 59
477 34
306 24
263 80
225 12
38 88
28 95
323 91
157 23
422 65
301 67
451 21
165 94
122 10
203 30
342 29
66 28
431 84
464 61
373 50
451 4
267 69
334 8
212 69
164 99
476 97
357 41
256 69
474 64
107 49
442 89
36 27
147 16
295 32
157 68
146 41
466 71
251 52
307 14
51 62
484 80
114 -1
306 91
59 74
2 89
63 55
477 26
468 100
58 10
429 2
229 99
470 52
14 46
184 79
368 79
417 19
478 98
149 6
60 27
430 71
252 32
193 27
379 -1
111 65
108 66
293 31
74 34
282 77
475 95
182 14
114 12
332 19
463 89
