422 73
266 17
165 3
232 43
66 96
51 33
426 1
7 42
128 68
140 38
479 8
102 2
435 9
354 6
373 33
386 85
108 85
404 60
136 38
108 38
487 -1
467 55
45 2
42 20
144 23
354 55
417 23
41 70
164 59
238 84
72 53
403 17
54 1
100 11
9 58
422 82
201 75
258 61
320 97
379 93
89 69
259 91
431 68
390 26
304 48
431 25
243 38
396 62
303 66
73 1
226 23
308 12
238 54
391 22
213 11
140 98
400 90
473 16
188 61
120 28
148 95
183 69
183 38
55 41
258 9
297 37
242 59
355 15
451 91
157 31
4 73
455 13
105 63
482 87
308 41
219 88
260 29
395 92
303 24
335 79
75 89
235 66
360 51
445 51
219 50
213 72
165 16
494 21
143 5
460 41
366 13
366 58
26 28
276 37
449 54
278 44
