49 43
183 96
123 53
88 96
202 35
180 6
112 61
460 80
56 18
341 16
422 55
242 94
290 94
315 6
431 17
213 35
31 25
139 31
389 24
255 47
455 23
353 54
405 85
321 9
37 99
247 22
399 72
351 92
365 87
37 20
219 85
75 35
471 46
416 11
499 23
5 6
287 33
358 75
458 64
46 53
281 53
43 16
235 46
152 40
235 3
275 55
377 36
201 99
32 73
56 74
357 6
218 82
347 55
35 99
2 34
6 66
338 36
3 62
349 80
101 12
439 29
127 55
169 29
338 67
289 2
399 37
240 14
415 7
389 39
61 87
143 99
148 3
436 36
116 20
11 50
354 28
279 34
235 56
231 98
416 53
274 98
170 3
199 6
188 22
418 98
366 84
85 86
55 91
94 69
367 36
221 40
69 98
370 47
56 72
122 36
