318 36
105 70
289 85
381 73
468 83
68 99
346 17
343 49
44 63
38 82
256 93
223 90
352 38
443 17
133 9
370 6
119 56
474 97
411 93
400 41
331 1
264 27
249 90
441 63
142 83
393 24
380 13
395 29
380 51
86 57
386 55
30 62
172 64
149 45
238 63
349 80
343 93
237 71
78 98
489 64
220 43
468 61
307 45
172 88
457 95
91 32
148 15
105 23
436 22
445 42
263 85
208 22
333 28
160 54
123 30
60 22
49 44
137 34
311 48
180 20
158 22
436 38
374 97
444 48
395 39
265 2
447 79
444 5
267 2
335 58
170 87
392 15
487 29
199 25
356 15
342 33
44 9
189 48
203 39
149 34
412 82
263 13
85 54
154 24
257 20
473 54
182 94
275 86
144 42
484 76
90 73
8 28
113 36
238 24
