391 59
494 21
202 100
238 11
476 40
102 75
214 29
147 48
453 94
112 18
370 36
374 87
114 82
32 25
80 31
156 72
182 100
363 30
393 16
388 78
103 32
472 42
275 10
242 94
334 46
152 13
159 87
81 60
340 1
99 92
234 69
449 79
165 58
127 71
33 4
237 75
231 99
262 38
306 81
422 11
51 80
451 82
97 56
246 66
244 97
24 69
489 87
476 23
242 11
300 34
228 7
263 10
239 73
474 81
133 40
270 35
174 23
133 30
375 17
350 22
84 30
397 22
266 91
370 41
460 47
333 66
17 15
240 4
284 44
150 75
108 61
310 91
31 80
309 89
442 28
344 51
357 86
439 57
388 84
225 35
128 23
352 5
123 44
135 50
485 24
473 90
245 90
415 24
133 31
219 41
25 24
491 84
202 37
126 76
327 8
500 57
437 47
410 24
