428 31
458 45
487 35
264 75
270 13
260 84
409 57
182 98
158 4
499 55
437 44
368 76
118 88
358 1
22 9
282 29
192 38
250 88
34 24
438 27
496 78
167 78
91 86
36 76
153 11
69 50
461 92
369 65
124 30
85 36
163 89
342 73
112 90
157 68
416 24
124 65
115 78
284 91
355 20
386 100
343 84
387 47
97 52
214 33
117 19
202 -1
85 98
424 88
461 88
353 26
456 38
34 48
231 57
132 22
477 97
359 74
251 37
310 1
97 5
144 13
219 53
447 52
294 70
166 61
294 13
295 61
406 21
496 2
171 84
320 10
500 60
483 89
84 83
154 100
158 89
354 89
89 71
155 11
190 20
241 93
19 39
61 89
9 94
324 52
