395 40
298 78
350 46
288 90
336 61
350 66
370 6
469 60
391 91
438 13
392 43
218 95
319 19
67 14
136 26
314 15
63 79
277 37
118 21
299 9
202 11
365 9
197 12
233 67
435 29
342 80
478 74
184 27
416 49
246 84
299 52
448 29
170 24
484 72
277 57
276 60
96 74
198 33
208 71
360 18
312 76
265 96
3 87
430 89
72 67
144 89
355 25
165 56
208 33
63 54
188 31
25 17
280 94
108 94
3 60
272 67
490 21
213 61
422 9
423 81
68 99
467 70
232 65
362 19
478 48
199 93
324 85
28 9
17 85
203 17
238 47
404 4
149 47
33 53
27 44
360 46
491 74
395 87
499 37
224 24
262 91
52 83
62 98
496 10
54 33
395 80
386 20
410 47
