316 9
293 75
388 12
243 23
335 63
463 81
265 22
326 56
119 54
426 19
194 69
389 71
302 96
155 30
303 73
13 73
228 99
384 21
466 27
489 12
395 90
213 5
239 81
430 14
245 14
123 22
372 69
264 12
359 55
6 93
234 91
51 78
358 10
481 93
350 58
213 31
213 2
193 58
26 32
44 96
255 52
452 41
174 79
48 87
408 62
326 63
301 11
328 95
458 28
276 86
448 83
437 42
493 67
61 24
381 76
442 98
144 3
257 12
317 91
182 56
360 79
113 9
427 89
300 10
9 97
168 46
191 45
138 11
373 73
167 15
45 45
39 21
295 37
381 20
9 5
342 52
332 6
463 8
253 5
352 72
283 36
398 33
135 69
477 87
93 7
477 60
60 30
202 73
11 13
285 18
138 52
486 80
173 96
149 42
339 95
93 39
16 37
476 93
