327 99
433 79
12 16
299 59
270 68
289 70
234 15
65 89
353 66
37 8
227 99
361 96
394 29
181 78
260 77
496 81
480 86
290 100
474 96
67 82
95 57
401 52
354 2
279 92
131 20
459 87
17 79
122 13
53 89
87 2
302 31
315 95
169 9
28 21
470 80
257 30
150 11
327 76
140 53
452 14
15 8
345 32
367 72
106 47
433 96
390 43
417 45
366 6
210 42
251 2
187 62
376 57
239 75
54 97
311 8
148 90
42 16
305 88
166 33
176 44
164 92
343 49
358 100
488 54
423 90
327 39
195 81
363 23
29 39
399 34
128 20
44 88
336 29
386 65
309 50
33 -1
108 86
183 73
256 20
194 6
26 10
75 87
40 62
113 66
155 24
141 29
449 50
250 13
180 10
105 16
470 94
114 4
113 43
