372 53
76 74
43 15
194 61
13 12
302 35
51 49
236 55
486 6
244 69
163 94
352 78
434 90
393 44
100 15
291 56
47 75
66 16
415 97
486 15
317 81
179 92
61 58
245 1
289 100
321 70
82 49
299 21
64 54
153 24
399 82
47 44
194 87
185 21
58 73
486 48
283 67
78 24
251 21
279 32
162 56
395 14
416 63
273 67
471 2
306 64
340 58
212 26
389 50
126 38
431 100
493 25
433 37
101 41
24 10
35 33
145 70
117 99
491 42
27 73
168 56
27 81
451 58
285 41
250 24
408 91
490 39
294 40
107 60
500 60
146 25
140 41
130 99
319 31
429 61
353 77
207 26
472 83
331 54
68 94
27 -1
298 99
248 33
84 17
284 37
214 96
113 68
405 64
311 7
387 87
