497 9
6 89
109 47
395 47
45 97
229 28
462 39
113 80
302 39
247 52
70 2
424 66
250 35
462 25
186 17
40 -1
92 12
383 62
154 100
334 24
41 42
187 33
144 19
26 38
165 32
489 94
99 59
206 13
406 60
243 62
359 23
242 77
246 39
263 7
215 50
42 97
409 8
339 22
38 81
498 7
70 43
11 93
253 24
98 67
111 76
164 50
447 38
440 93
346 57
143 22
201 66
19 48
445 81
303 99
337 83
132 56
178 35
183 34
153 32
183 87
405 35
245 38
116 27
107 51
50 99
310 98
81 25
188 -1
317 68
386 37
476 26
454 48
304 13
404 4
374 37
340 35
81 94
280 66
263 73
173 43
458 41
399 71
137 11
26 54
194 39
3 64
103 38
322 54
395 70
282 89
233 86
87 65
324 55
492 66
99 40
186 2
89 18
125 4
