123 40
275 31
490 25
362 30
319 78
113 2
157 59
187 84
181 97
401 47
384 41
29 29
348 77
442 1
110 39
128 98
83 64
111 98
346 85
81 77
193 49
489 57
237 9
87 10
127 29
17 74
193 -1
383 64
263 14
462 63
193 38
123 41
436 24
466 88
331 92
50 98
199 4
31 52
173 39
64 84
217 44
224 43
103 32
418 89
326 45
169 56
352 35
95 88
404 1
72 55
179 42
147 15
303 57
85 77
49 68
61 32
73 1
193 20
457 12
265 50
357 19
10 69
304 59
185 95
292 19
204 65
87 63
27 65
99 33
149 93
307 84
144 12
477 56
12 23
33 42
241 100
492 54
286 13
198 19
352 56
456 12
472 8
