20 100
299 -1
377 32
433 37
439 25
419 75
98 26
141 45
384 12
109 56
133 45
409 15
424 39
284 41
338 71
162 71
473 100
359 30
65 12
403 27
88 50
445 77
182 71
492 93
282 9
160 57
485 77
72 46
37 20
97 21
1 44
357 71
131 83
97 87
298 98
367 85
292 70
362 57
487 91
418 52
91 85
468 10
326 37
270 53
104 26
33 30
49 37
53 65
97 62
392 72
359 94
314 17
369 58
52 30
60 17
163 22
132 49
321 3
308 47
147 3
476 43
331 16
318 72
47 28
67 25
177 2
317 58
50 30
372 92
157 -1
472 28
435 42
189 82
199 39
223 76
369 62
193 10
224 63
257 35
33 61
435 22
288 7
65 84
246 1
475 13
24 6
112 94
189 14
134 90
