497 33
401 42
462 44
223 81
181 98
165 82
342 61
23 14
178 73
269 32
299 23
118 50
322 32
142 51
131 38
395 63
302 36
224 24
271 10
93 87
388 34
251 63
170 65
196 26
300 85
40 50
263 87
445 45
434 57
129 -1
496 9
52 62
103 83
434 33
205 50
491 24
381 49
267 67
173 5
55 91
397 76
129 38
339 32
183 71
223 24
131 58
147 2
499 61
366 74
208 56
151 1
368 36
148 96
143 6
155 29
432 48
264 24
245 9
402 7
483 51
366 85
329 64
133 12
416 37
25 61
313 28
489 91
157 33
135 28
103 1
106 17
185 28
122 9
413 64
419 44
476 72
63 93
288 9
213 86
93 79
291 98
204 29
