34 83
426 54
464 14
384 37
182 62
122 31
179 62
68 16
345 32
453 84
96 20
44 82
428 1
486 44
108 55
317 27
79 31
22 99
136 66
112 92
2 73
444 31
349 31
472 47
385 33
499 15
18 12
321 44
381 33
225 40
250 51
372 55
360 95
476 49
438 86
232 18
306 36
457 92
388 21
236 17
48 39
309 3
483 51
2 57
124 13
201 44
100 78
396 8
488 53
153 54
109 47
22 55
209 24
259 32
295 87
477 56
264 1
346 47
28 17
5 57
383 27
9 80
255 25
398 74
446 74
278 20
436 22
281 73
276 84
284 79
351 19
376 53
267 52
93 27
243 62
361 58
247 61
217 65
21 48
486 2
386 86
364 96
6 -1
289 25
62 34
355 88
191 91
304 89
274 84
59 92
478 32
105 37
