435 88
146 21
211 8
192 50
408 89
443 87
272 25
76 67
235 77
246 52
190 43
122 44
177 67
296 97
492 41
410 99
442 2
105 68
259 55
149 89
47 78
8 9
461 64
87 90
220 18
289 59
106 42
197 49
93 74
174 -1
191 93
258 58
475 82
426 70
50 65
327 51
34 89
261 21
233 36
298 79
338 86
214 2
95 17
236 11
131 3
52 7
208 32
316 68
163 85
128 50
198 57
92 29
279 88
93 51
300 71
231 75
323 38
472 60
376 13
426 34
494 47
398 75
454 41
233 42
13 12
264 67
369 36
360 87
147 14
138 52
432 17
148 34
381 24
388 89
349 76
261 78
106 12
26 83
443 20
55 75
120 83
219 18
26 13
386 43
