167 43
156 25
360 98
414 22
323 68
288 28
434 98
412 55
9 93
42 27
117 58
245 20
3 58
296 66
359 24
341 70
304 57
488 16
274 22
98 68
489 98
139 96
257 59
235 83
500 58
322 86
153 9
461 85
414 42
297 24
19 72
180 85
364 50
263 1
233 7
447 55
224 10
218 40
239 64
315 3
11 92
144 91
368 24
107 -1
123 8
481 98
389 31
405 99
410 94
65 74
429 45
52 11
405 92
5 69
234 49
106 47
144 68
60 72
95 45
237 48
349 69
198 84
465 12
170 3
121 89
140 90
286 45
43 31
196 51
350 51
339 83
270 66
268 90
377 7
382 46
347 71
304 62
328 100
67 29
220 88
422 97
490 69
301 92
337 2
456 92
