359 40
57 61
81 55
311 68
123 26
104 98
166 88
79 66
423 91
138 49
200 56
58 5
457 45
491 65
356 57
17 89
164 60
301 65
158 24
308 75
269 54
247 24
236 33
66 3
449 67
103 42
11 74
155 52
463 81
314 61
382 12
188 61
21 76
92 1
399 21
497 11
400 1
435 98
121 25
61 67
340 84
196 64
21 46
153 54
381 20
23 54
420 89
376 54
436 16
1 52
211 92
254 35
154 76
144 21
441 8
394 84
238 71
317 91
283 83
16 86
1 38
286 63
231 26
136 42
464 40
412 84
250 82
343 88
422 92
395 44
276 53
130 67
219 56
14 23
432 31
237 75
176 18
343 25
438 38
250 73
264 55
172 88
161 88
371 66
59 55
198 34
361 95
100 69
436 52
462 91
100 41
301 20
221 97
