357 52
330 53
469 56
8 43
212 39
56 72
400 99
2 46
14 99
319 93
404 56
493 30
401 87
207 78
117 61
1 53
473 42
489 60
126 25
250 54
89 86
274 88
256 41
237 48
56 22
49 92
156 15
314 51
332 62
291 4
413 86
100 25
417 41
102 13
325 32
47 94
296 55
269 47
228 42
185 14
387 71
269 15
480 96
245 63
321 21
112 78
28 60
296 62
411 23
376 70
176 79
100 9
431 15
170 11
338 76
265 24
403 73
483 5
134 17
410 56
397 62
454 34
133 94
173 34
63 94
223 55
477 20
73 89
130 19
384 100
4 46
303 83
252 63
60 48
175 98
313 46
369 50
378 9
389 85
145 88
39 24
342 100
202 8
228 65
286 67
448 22
148 80
224 74
452 96
308 58
254 24
127 97
