268 18
307 45
255 62
185 49
61 78
115 61
34 67
258 43
172 41
485 62
14 23
477 26
177 63
38 29
102 38
323 94
108 22
396 66
354 18
62 18
257 98
203 13
292 68
201 64
262 11
455 26
342 20
156 53
335 90
447 25
276 58
63 32
68 73
298 36
232 18
492 56
36 -1
261 21
39 34
125 60
15 25
488 46
190 26
370 54
217 32
446 92
30 98
288 35
199 77
484 7
188 64
315 78
231 33
342 35
159 73
402 64
85 93
469 -1
362 50
368 22
168 23
406 11
134 34
292 98
113 74
199 7
183 88
150 81
61 64
43 26
495 44
115 54
158 27
238 77
164 40
127 41
99 81
357 9
338 89
8 60
174 26
159 34
