465 32
116 69
388 98
8 6
201 92
269 17
33 83
142 12
360 82
123 32
490 91
367 96
458 85
269 30
217 46
106 89
365 3
435 1
336 69
259 27
16 30
274 35
144 79
27 76
65 18
456 77
24 61
249 67
4 26
310 34
259 50
43 35
271 6
10 64
65 1
154 10
135 81
62 63
475 64
58 23
409 32
289 22
45 48
423 22
353 7
130 2
446 95
148 61
395 88
385 92
279 18
379 78
236 19
136 76
106 20
411 69
50 40
267 44
10 79
342 8
108 39
113 52
429 100
204 13
240 36
405 74
433 84
117 7
11 68
451 81
223 78
90 7
43 31
458 39
57 41
226 5
171 29
449 90
323 31
136 71
389 42
222 37
456 37
81 39
259 15
388 34
254 84
55 41
127 7
412 92
388 27
310 41
