111 -1
493 38
356 92
189 63
124 76
375 2
110 56
425 46
101 47
54 62
281 11
126 61
263 25
325 83
366 91
396 36
364 64
188 85
4 79
286 36
145 81
355 4
124 49
231 43
232 28
314 35
271 69
405 16
27 84
76 80
428 37
132 35
201 50
99 4
437 50
354 75
3 4
167 65
188 20
320 100
86 74
492 18
366 76
344 50
84 21
231 83
55 29
10 20
178 26
327 53
393 75
326 41
451 5
77 60
164 42
147 24
492 30
238 51
485 -1
399 20
218 61
134 55
240 96
130 91
495 69
315 12
368 50
416 20
121 88
8 33
344 8
396 30
322 30
237 51
236 4
113 57
195 22
196 16
103 52
255 91
6 53
235 45
441 43
285 71
477 75
94 71
17 56
37 62
194 12
