335 5
420 87
492 10
178 3
367 79
54 65
143 92
490 25
350 14
262 27
144 18
125 46
411 39
148 32
435 24
117 64
177 15
67 59
422 69
170 54
488 60
111 20
106 57
304 38
23 62
247 74
484 39
45 24
9 67
402 28
273 63
61 7
82 1
55 75
320 42
206 56
138 88
31 63
374 76
475 74
139 25
69 21
291 88
253 58
415 84
132 55
463 77
31 97
407 68
21 45
54 54
249 41
36 57
128 80
380 82
467 38
70 99
414 94
459 59
139 2
384 80
225 93
97 48
239 35
176 98
13 11
436 28
332 99
381 37
277 21
234 38
200 90
184 36
474 74
177 -1
234 2
117 90
467 73
121 88
346 97
393 92
216 17
429 47
76 4
330 29
47 32
227 33
339 15
367 46
481 43
247 8
305 48
131 29
