17 12
283 66
282 51
35 15
112 86
499 100
354 54
300 76
221 90
298 12
393 37
271 44
312 79
355 97
15 24
434 30
65 69
294 80
144 49
337 5
91 22
499 24
295 78
192 16
423 83
75 9
208 98
215 14
204 45
31 76
129 26
438 54
435 24
222 1
16 60
59 77
372 45
319 6
185 23
148 70
425 67
339 79
340 75
304 45
406 11
80 32
293 62
226 31
344 7
448 60
134 75
145 88
328 3
58 65
129 14
25 12
496 41
393 56
498 62
113 77
146 7
159 44
268 34
30 20
11 72
496 68
55 15
163 38
65 69
111 31
413 93
495 35
90 18
18 38
498 58
290 25
418 26
102 34
338 14
332 65
124 43
116 57
376 61
157 62
177 84
294 25
373 46
378 93
413 56
