183 31
299 27
97 23
408 87
209 70
155 29
446 59
462 4
109 71
336 19
8 59
297 32
318 22
203 27
262 29
347 96
13 77
325 89
448 99
218 65
132 4
395 73
406 14
316 84
234 66
392 85
330 52
239 24
355 76
419 97
474 62
416 26
268 38
428 10
9 41
454 68
85 80
141 38
117 38
500 38
330 41
199 98
160 5
400 95
203 76
201 37
120 32
288 59
379 78
272 15
277 84
71 41
256 20
321 95
42 17
283 66
196 71
163 75
237 18
184 31
444 91
308 76
422 84
211 51
480 20
86 -1
438 40
244 50
500 72
480 38
130 75
300 25
41 70
448 80
215 64
304 62
357 52
479 75
262 80
147 -1
112 34
472 41
467 33
359 98
460 31
97 89
197 32
286 13
99 75
409 34
182 21
211 89
413 23
137 34
453 62
464 63
119 68
465 87
59 82
